  
 ------------------------
 2D Mesh Quality Measures
 ------------------------
  
Signed Area     Aspect Ratio    Condition       Edge Ratio      Jacobian        Minimum Angle   Maximum Angle   Area Sign       
      7.2300E-01      1.3539E+00      1.2278E+00      1.6473E+00      4.6291E-01      6.6684E+01      1.2392E+02      1.0000E+00
      8.9388E-01      1.0419E+00      1.0053E+00      1.1070E+00      8.4023E-01      8.7711E+01      9.4630E+01      1.0000E+00
      9.7521E-01      1.0181E+00      1.0010E+00      1.0435E+00      9.5737E-01      8.8610E+01      9.0734E+01      1.0000E+00
      9.7521E-01      1.0181E+00      1.0010E+00      1.0435E+00      9.5737E-01      8.8610E+01      9.0734E+01      1.0000E+00
      8.9388E-01      1.0419E+00      1.0053E+00      1.1070E+00      8.4023E-01      8.7711E+01      9.4630E+01      1.0000E+00
      7.2300E-01      1.3539E+00      1.2278E+00      1.6473E+00      4.6291E-01      6.6684E+01      1.2392E+02      1.0000E+00
      6.4235E-01      1.3149E+00      1.2801E+00      1.6074E+00      3.8245E-01      6.8685E+01      1.2748E+02      1.0000E+00
      1.0458E+00      1.1423E+00      1.0343E+00      1.2982E+00      8.8227E-01      7.6064E+01      1.0055E+02      1.0000E+00
      1.1304E+00      1.0968E+00      1.0249E+00      1.1875E+00      9.9554E-01      7.7537E+01      9.8183E+01      1.0000E+00
      9.7202E-01      1.0224E+00      1.0008E+00      1.0342E+00      9.5904E-01      8.8846E+01      9.1323E+01      1.0000E+00
      9.7276E-01      1.0108E+00      1.0003E+00      1.0229E+00      9.6865E-01      8.9661E+01      9.0163E+01      1.0000E+00
      9.7276E-01      1.0108E+00      1.0003E+00      1.0229E+00      9.6865E-01      8.9661E+01      9.0163E+01      1.0000E+00
      9.7202E-01      1.0224E+00      1.0008E+00      1.0342E+00      9.5904E-01      8.8846E+01      9.1323E+01      1.0000E+00
      1.1304E+00      1.0968E+00      1.0249E+00      1.1875E+00      9.9554E-01      7.7537E+01      9.8183E+01      1.0000E+00
      1.0458E+00      1.1423E+00      1.0343E+00      1.2982E+00      8.8227E-01      7.6064E+01      1.0055E+02      1.0000E+00
      6.4235E-01      1.3149E+00      1.2801E+00      1.6074E+00      3.8245E-01      6.8685E+01      1.2748E+02      1.0000E+00
      6.4290E-01      1.3118E+00      1.2805E+00      1.6060E+00      3.8264E-01      6.8798E+01      1.2748E+02      1.0000E+00
      9.9746E-01      1.0233E+00      1.0043E+00      1.0459E+00      9.5873E-01      8.4696E+01      9.3202E+01      1.0000E+00
      9.9410E-01      1.0175E+00      1.0006E+00      1.0391E+00      9.6542E-01      8.8251E+01      9.1553E+01      1.0000E+00
      1.0188E+00      1.0096E+00      1.0007E+00      1.0173E+00      1.0047E+00      8.7896E+01      9.1393E+01      1.0000E+00
      9.9142E-01      1.0124E+00      1.0007E+00      1.0283E+00      9.7418E-01      8.7815E+01      9.1406E+01      1.0000E+00
      9.7583E-01      1.0092E+00      1.0002E+00      1.0184E+00      9.7459E-01      8.9585E+01      9.0346E+01      1.0000E+00
      9.7583E-01      1.0092E+00      1.0002E+00      1.0184E+00      9.7459E-01      8.9585E+01      9.0346E+01      1.0000E+00
      9.9142E-01      1.0124E+00      1.0007E+00      1.0283E+00      9.7418E-01      8.7815E+01      9.1406E+01      1.0000E+00
      1.0188E+00      1.0096E+00      1.0007E+00      1.0173E+00      1.0047E+00      8.7896E+01      9.1393E+01      1.0000E+00
      9.9410E-01      1.0175E+00      1.0006E+00      1.0391E+00      9.6542E-01      8.8251E+01      9.1553E+01      1.0000E+00
      9.9746E-01      1.0233E+00      1.0043E+00      1.0459E+00      9.5873E-01      8.4696E+01      9.3202E+01      1.0000E+00
      6.4290E-01      1.3118E+00      1.2805E+00      1.6060E+00      3.8264E-01      6.8798E+01      1.2748E+02      1.0000E+00
      1.0492E+00      1.1472E+00      1.0346E+00      1.3022E+00      8.8334E-01      7.5934E+01      1.0067E+02      1.0000E+00
      1.0023E+00      1.0303E+00      1.0010E+00      1.0500E+00      9.6992E-01      8.7921E+01      9.1641E+01      1.0000E+00
      1.0284E+00      1.0206E+00      1.0014E+00      1.0307E+00      1.0125E+00      8.7246E+01      9.2425E+01      1.0000E+00
      1.0019E+00      1.0098E+00      1.0011E+00      1.0292E+00      9.8418E-01      8.7931E+01      9.2443E+01      1.0000E+00
      9.2517E-01      1.0338E+00      1.0017E+00      1.0629E+00      8.7564E-01      8.7103E+01      9.3244E+01      1.0000E+00
      9.2516E-01      1.0338E+00      1.0017E+00      1.0629E+00      8.7564E-01      8.7103E+01      9.3244E+01      1.0000E+00
      1.0019E+00      1.0098E+00      1.0011E+00      1.0292E+00      9.8418E-01      8.7931E+01      9.2443E+01      1.0000E+00
      1.0284E+00      1.0206E+00      1.0014E+00      1.0307E+00      1.0125E+00      8.7246E+01      9.2425E+01      1.0000E+00
      1.0023E+00      1.0303E+00      1.0010E+00      1.0500E+00      9.6992E-01      8.7921E+01      9.1641E+01      1.0000E+00
      1.0492E+00      1.1472E+00      1.0346E+00      1.3022E+00      8.8334E-01      7.5934E+01      1.0067E+02      1.0000E+00
      7.2540E-01      1.3517E+00      1.2278E+00      1.6476E+00      4.6404E-01      6.6791E+01      1.2389E+02      1.0000E+00
      1.1428E+00      1.0972E+00      1.0248E+00      1.1769E+00      1.0122E+00      7.7611E+01      9.8217E+01      1.0000E+00
      1.0487E+00      1.0133E+00      1.0011E+00      1.0288E+00      1.0390E+00      8.7964E+01      9.2398E+01      1.0000E+00
      1.0547E+00      1.0234E+00      1.0018E+00      1.0418E+00      1.0429E+00      8.7100E+01      9.2479E+01      1.0000E+00
      1.1560E+00      1.1153E+00      1.0298E+00      1.1815E+00      1.0258E+00      7.6810E+01      9.9525E+01      1.0000E+00
      7.4774E-01      1.3172E+00      1.2249E+00      1.6403E+00      4.7202E-01      6.8868E+01      1.2337E+02      1.0000E+00
      7.4774E-01      1.3172E+00      1.2249E+00      1.6403E+00      4.7202E-01      6.8868E+01      1.2337E+02      1.0000E+00
      1.1560E+00      1.1153E+00      1.0298E+00      1.1815E+00      1.0258E+00      7.6810E+01      9.9525E+01      1.0000E+00
      1.0547E+00      1.0234E+00      1.0018E+00      1.0418E+00      1.0429E+00      8.7100E+01      9.2479E+01      1.0000E+00
      1.0487E+00      1.0133E+00      1.0011E+00      1.0288E+00      1.0390E+00      8.7964E+01      9.2398E+01      1.0000E+00
      1.1428E+00      1.0972E+00      1.0248E+00      1.1769E+00      1.0122E+00      7.7611E+01      9.8217E+01      1.0000E+00
      7.2540E-01      1.3517E+00      1.2278E+00      1.6476E+00      4.6404E-01      6.6791E+01      1.2389E+02      1.0000E+00
      8.9913E-01      1.0405E+00      1.0052E+00      1.1047E+00      8.4369E-01      8.7671E+01      9.4650E+01      1.0000E+00
      9.9423E-01      1.0154E+00      1.0007E+00      1.0269E+00      9.7782E-01      8.8051E+01      9.1572E+01      1.0000E+00
      1.0495E+00      1.0180E+00      1.0016E+00      1.0337E+00      1.0447E+00      8.7446E+01      9.2787E+01      1.0000E+00
      1.0393E+00      1.0310E+00      1.0027E+00      1.0637E+00      1.0209E+00      8.6897E+01      9.2203E+01      1.0000E+00
      1.0663E+00      1.1607E+00      1.0299E+00      1.2859E+00      9.1126E-01      7.8304E+01      9.9313E+01      1.0000E+00
      1.0664E+00      1.1607E+00      1.0299E+00      1.2859E+00      9.1126E-01      7.8304E+01      9.9313E+01      1.0000E+00
      1.0393E+00      1.0310E+00      1.0027E+00      1.0637E+00      1.0209E+00      8.6897E+01      9.2203E+01      1.0000E+00
      1.0495E+00      1.0180E+00      1.0016E+00      1.0337E+00      1.0447E+00      8.7446E+01      9.2786E+01      1.0000E+00
      9.9422E-01      1.0154E+00      1.0007E+00      1.0269E+00      9.7782E-01      8.8051E+01      9.1572E+01      1.0000E+00
      8.9913E-01      1.0405E+00      1.0052E+00      1.1047E+00      8.4369E-01      8.7671E+01      9.4650E+01      1.0000E+00
      9.8351E-01      1.0145E+00      1.0008E+00      1.0381E+00      9.6485E-01      8.8720E+01      9.0877E+01      1.0000E+00
      1.0034E+00      1.0103E+00      1.0003E+00      1.0164E+00      9.9465E-01      8.8873E+01      9.0869E+01      1.0000E+00
      1.0528E+00      1.0339E+00      1.0024E+00      1.0599E+00      1.0425E+00      8.7659E+01      9.2205E+01      1.0000E+00
      1.1413E+00      1.1395E+00      1.0344E+00      1.2049E+00      1.0372E+00      7.7330E+01      1.0111E+02      1.0000E+00
      6.6195E-01      1.3339E+00      1.2320E+00      1.7313E+00      3.8076E-01      7.2719E+01      1.2393E+02      1.0000E+00
      6.6195E-01      1.3339E+00      1.2320E+00      1.7313E+00      3.8076E-01      7.2719E+01      1.2393E+02      1.0000E+00
      1.1414E+00      1.1395E+00      1.0344E+00      1.2049E+00      1.0372E+00      7.7330E+01      1.0111E+02      1.0000E+00
      1.0528E+00      1.0339E+00      1.0024E+00      1.0599E+00      1.0425E+00      8.7659E+01      9.2205E+01      1.0000E+00
      1.0034E+00      1.0103E+00      1.0003E+00      1.0164E+00      9.9465E-01      8.8873E+01      9.0869E+01      1.0000E+00
      9.8351E-01      1.0145E+00      1.0008E+00      1.0381E+00      9.6485E-01      8.8720E+01      9.0877E+01      1.0000E+00
      9.8469E-01      1.0137E+00      1.0007E+00      1.0342E+00      9.6752E-01      8.8499E+01      9.0877E+01      1.0000E+00
      1.0064E+00      1.0088E+00      1.0002E+00      1.0172E+00      1.0029E+00      8.9766E+01      9.0400E+01      1.0000E+00
      1.0572E+00      1.0339E+00      1.0022E+00      1.0687E+00      1.0542E+00      8.9800E+01      9.0329E+01      1.0000E+00
      1.1059E+00      1.1558E+00      1.0328E+00      1.2262E+00      1.0099E+00      8.1294E+01      9.9773E+01      1.0000E+00
      1.1059E+00      1.1558E+00      1.0328E+00      1.2262E+00      1.0099E+00      8.1294E+01      9.9773E+01      1.0000E+00
      1.0572E+00      1.0339E+00      1.0022E+00      1.0687E+00      1.0542E+00      8.9800E+01      9.0329E+01      1.0000E+00
      1.0064E+00      1.0088E+00      1.0002E+00      1.0172E+00      1.0029E+00      8.9766E+01      9.0400E+01      1.0000E+00
      9.8469E-01      1.0137E+00      1.0007E+00      1.0342E+00      9.6752E-01      8.8499E+01      9.0877E+01      1.0000E+00
      9.0212E-01      1.0368E+00      1.0049E+00      1.0965E+00      8.4790E-01      8.7587E+01      9.4721E+01      1.0000E+00
      1.0020E+00      1.0072E+00      1.0005E+00      1.0246E+00      9.8881E-01      8.8621E+01      9.1207E+01      1.0000E+00
      1.0665E+00      1.0350E+00      1.0030E+00      1.0725E+00      1.0579E+00      8.7846E+01      9.1855E+01      1.0000E+00
      1.0850E+00      1.1313E+00      1.0224E+00      1.2104E+00      1.0017E+00      8.4866E+01      9.6687E+01      1.0000E+00
      1.0850E+00      1.1313E+00      1.0224E+00      1.2104E+00      1.0017E+00      8.4866E+01      9.6687E+01      1.0000E+00
      1.0665E+00      1.0350E+00      1.0030E+00      1.0725E+00      1.0579E+00      8.7846E+01      9.1855E+01      1.0000E+00
      1.0020E+00      1.0072E+00      1.0005E+00      1.0246E+00      9.8881E-01      8.8621E+01      9.1207E+01      1.0000E+00
      9.0212E-01      1.0368E+00      1.0049E+00      1.0964E+00      8.4790E-01      8.7587E+01      9.4721E+01      1.0000E+00
      7.2877E-01      1.3468E+00      1.2264E+00      1.6471E+00      4.6625E-01      6.7039E+01      1.2372E+02      1.0000E+00
      1.1528E+00      1.1027E+00      1.0258E+00      1.1723E+00      1.0222E+00      7.7491E+01      9.8267E+01      1.0000E+00
      1.0678E+00      1.0345E+00      1.0031E+00      1.0642E+00      1.0495E+00      8.7239E+01      9.3545E+01      1.0000E+00
      1.1095E+00      1.1223E+00      1.0308E+00      1.1703E+00      1.0151E+00      7.7480E+01      1.0119E+02      1.0000E+00
      6.7483E-01      1.3293E+00      1.4164E+00      1.5881E+00      3.2525E-01      7.2971E+01      1.3502E+02      1.0000E+00
      6.7483E-01      1.3293E+00      1.4164E+00      1.5881E+00      3.2525E-01      7.2971E+01      1.3502E+02      1.0000E+00
      1.1095E+00      1.1223E+00      1.0308E+00      1.1703E+00      1.0151E+00      7.7480E+01      1.0119E+02      1.0000E+00
      1.0678E+00      1.0345E+00      1.0031E+00      1.0642E+00      1.0495E+00      8.7239E+01      9.3545E+01      1.0000E+00
      1.1528E+00      1.1027E+00      1.0258E+00      1.1723E+00      1.0222E+00      7.7491E+01      9.8267E+01      1.0000E+00
      7.2877E-01      1.3468E+00      1.2264E+00      1.6471E+00      4.6626E-01      6.7039E+01      1.2372E+02      1.0000E+00
      1.0560E+00      1.1541E+00      1.0351E+00      1.3070E+00      8.8629E-01      7.6028E+01      1.0053E+02      1.0000E+00
      1.0091E+00      1.0434E+00      1.0028E+00      1.0637E+00      9.7147E-01      8.6625E+01      9.2640E+01      1.0000E+00
      9.9889E-01      1.0136E+00      1.0024E+00      1.0299E+00      9.8546E-01      8.6740E+01      9.3745E+01      1.0000E+00
      9.8827E-01      1.0219E+00      1.0096E+00      1.0302E+00      9.6330E-01      8.2105E+01      9.6563E+01      1.0000E+00
      6.7768E-01      1.3298E+00      1.4193E+00      1.5924E+00      3.2613E-01      7.2840E+01      1.3512E+02      1.0000E+00
      6.7768E-01      1.3298E+00      1.4193E+00      1.5924E+00      3.2613E-01      7.2840E+01      1.3512E+02      1.0000E+00
      9.8827E-01      1.0219E+00      1.0096E+00      1.0302E+00      9.6330E-01      8.2105E+01      9.6563E+01      1.0000E+00
      9.9889E-01      1.0136E+00      1.0024E+00      1.0299E+00      9.8546E-01      8.6740E+01      9.3745E+01      1.0000E+00
      1.0091E+00      1.0434E+00      1.0028E+00      1.0637E+00      9.7147E-01      8.6625E+01      9.2640E+01      1.0000E+00
      1.0560E+00      1.1541E+00      1.0351E+00      1.3070E+00      8.8629E-01      7.6027E+01      1.0053E+02      1.0000E+00
      6.4599E-01      1.3089E+00      1.2763E+00      1.6079E+00      3.8405E-01      6.9212E+01      1.2722E+02      1.0000E+00
      9.9937E-01      1.0243E+00      1.0053E+00      1.0477E+00      9.6109E-01      8.4121E+01      9.3870E+01      1.0000E+00
      9.9368E-01      1.0234E+00      1.0015E+00      1.0449E+00      9.6400E-01      8.6953E+01      9.2119E+01      1.0000E+00
      1.0198E+00      1.0109E+00      1.0035E+00      1.0366E+00      1.0006E+00      8.5780E+01      9.4318E+01      1.0000E+00
      1.1137E+00      1.1104E+00      1.0281E+00      1.1521E+00      1.0291E+00      7.7858E+01      1.0097E+02      1.0000E+00
      1.0711E+00      1.1290E+00      1.0219E+00      1.1897E+00      9.8711E-01      8.3376E+01      9.7720E+01      1.0000E+00
      1.0711E+00      1.1290E+00      1.0219E+00      1.1897E+00      9.8711E-01      8.3375E+01      9.7720E+01      1.0000E+00
      1.1137E+00      1.1104E+00      1.0281E+00      1.1521E+00      1.0291E+00      7.7858E+01      1.0097E+02      1.0000E+00
      1.0198E+00      1.0109E+00      1.0035E+00      1.0366E+00      1.0006E+00      8.5780E+01      9.4318E+01      1.0000E+00
      9.9368E-01      1.0234E+00      1.0015E+00      1.0449E+00      9.6400E-01      8.6953E+01      9.2119E+01      1.0000E+00
      9.9938E-01      1.0243E+00      1.0053E+00      1.0477E+00      9.6109E-01      8.4122E+01      9.3870E+01      1.0000E+00
      6.4599E-01      1.3089E+00      1.2763E+00      1.6079E+00      3.8405E-01      6.9212E+01      1.2722E+02      1.0000E+00
      6.4508E-01      1.3134E+00      1.2745E+00      1.6105E+00      3.8394E-01      6.9087E+01      1.2715E+02      1.0000E+00
      1.0521E+00      1.1497E+00      1.0330E+00      1.3057E+00      8.8315E-01      7.6391E+01      1.0012E+02      1.0000E+00
      1.1535E+00      1.0974E+00      1.0280E+00      1.1604E+00      1.0297E+00      7.6860E+01      9.8927E+01      1.0000E+00
      1.0168E+00      1.0219E+00      1.0018E+00      1.0464E+00      9.9400E-01      8.6770E+01      9.2127E+01      1.0000E+00
      1.0274E+00      1.0269E+00      1.0012E+00      1.0485E+00      1.0221E+00      8.9112E+01      9.0895E+01      1.0000E+00
      1.0274E+00      1.0269E+00      1.0012E+00      1.0485E+00      1.0221E+00      8.9112E+01      9.0895E+01      1.0000E+00
      1.0168E+00      1.0219E+00      1.0018E+00      1.0464E+00      9.9400E-01      8.6770E+01      9.2127E+01      1.0000E+00
      1.1535E+00      1.0974E+00      1.0280E+00      1.1604E+00      1.0297E+00      7.6860E+01      9.8927E+01      1.0000E+00
      1.0521E+00      1.1497E+00      1.0330E+00      1.3057E+00      8.8315E-01      7.6391E+01      1.0012E+02      1.0000E+00
      6.4508E-01      1.3134E+00      1.2745E+00      1.6105E+00      3.8394E-01      6.9086E+01      1.2715E+02      1.0000E+00
      7.3396E-01      1.3451E+00      1.2218E+00      1.6510E+00      4.6789E-01      6.7562E+01      1.2342E+02      1.0000E+00
      9.1193E-01      1.0333E+00      1.0040E+00      1.0907E+00      8.5439E-01      8.7180E+01      9.4357E+01      1.0000E+00
      9.9856E-01      1.0148E+00      1.0003E+00      1.0283E+00      9.7854E-01      8.8674E+01      9.0973E+01      1.0000E+00
      9.9856E-01      1.0148E+00      1.0003E+00      1.0283E+00      9.7854E-01      8.8674E+01      9.0973E+01      1.0000E+00
      9.1193E-01      1.0333E+00      1.0040E+00      1.0907E+00      8.5439E-01      8.7180E+01      9.4357E+01      1.0000E+00
      7.3396E-01      1.3451E+00      1.2218E+00      1.6510E+00      4.6789E-01      6.7562E+01      1.2342E+02      1.0000E+00
      6.8261E-01      1.3688E+00      1.1807E+00      1.7047E+00      4.6304E-01      6.6540E+01      1.1928E+02      1.0000E+00
      5.8018E-01      1.2256E+00      1.1217E+00      1.4240E+00      3.9032E-01      7.8837E+01      1.1680E+02      1.0000E+00
      9.0554E-01      1.0682E+00      1.0175E+00      1.1869E+00      8.0795E-01      8.1991E+01      9.4238E+01      1.0000E+00
      1.0558E+00      1.0359E+00      1.0024E+00      1.0651E+00      1.0036E+00      8.6187E+01      9.1861E+01      1.0000E+00
      1.0558E+00      1.0359E+00      1.0024E+00      1.0651E+00      1.0036E+00      8.6187E+01      9.1861E+01      1.0000E+00
      9.0554E-01      1.0682E+00      1.0175E+00      1.1869E+00      8.0795E-01      8.1991E+01      9.4238E+01      1.0000E+00
      5.8018E-01      1.2256E+00      1.1217E+00      1.4240E+00      3.9032E-01      7.8837E+01      1.1680E+02      1.0000E+00
      6.8261E-01      1.3688E+00      1.1807E+00      1.7047E+00      4.6304E-01      6.6540E+01      1.1928E+02      1.0000E+00
      9.1967E-01      1.1568E+00      1.0450E+00      1.3063E+00      7.0912E-01      7.3175E+01      9.9609E+01      1.0000E+00
      5.0528E-01      1.2195E+00      1.0935E+00      1.4815E+00      3.3652E-01      7.4441E+01      1.1326E+02      1.0000E+00
      5.3984E-01      1.2308E+00      1.1897E+00      1.5313E+00      3.8167E-01      6.8953E+01      1.1926E+02      1.0000E+00
      5.4000E-01      1.2308E+00      1.1907E+00      1.5317E+00      3.8194E-01      6.8869E+01      1.1930E+02      1.0000E+00
      5.0504E-01      1.2199E+00      1.0932E+00      1.4820E+00      3.3621E-01      7.4367E+01      1.1322E+02      1.0000E+00
      9.1960E-01      1.1569E+00      1.0447E+00      1.3064E+00      7.0903E-01      7.3241E+01      9.9683E+01      1.0000E+00
      6.8279E-01      1.3690E+00      1.1824E+00      1.7073E+00      4.6307E-01      6.6422E+01      1.1935E+02      1.0000E+00
      5.7962E-01      1.2261E+00      1.1214E+00      1.4260E+00      3.8992E-01      7.8791E+01      1.1676E+02      1.0000E+00
      9.0525E-01      1.0684E+00      1.0177E+00      1.1879E+00      8.0775E-01      8.1977E+01      9.4284E+01      1.0000E+00
      1.0561E+00      1.0357E+00      1.0024E+00      1.0655E+00      1.0040E+00      8.6217E+01      9.1882E+01      1.0000E+00
      1.0566E+00      1.0354E+00      1.0024E+00      1.0641E+00      1.0051E+00      8.6158E+01      9.1757E+01      1.0000E+00
      9.0647E-01      1.0677E+00      1.0174E+00      1.1854E+00      8.0909E-01      8.1925E+01      9.4320E+01      1.0000E+00
      5.8076E-01      1.2248E+00      1.1209E+00      1.4229E+00      3.9068E-01      7.8755E+01      1.1673E+02      1.0000E+00
      6.8553E-01      1.3722E+00      1.1851E+00      1.7102E+00      4.6469E-01      6.6149E+01      1.1955E+02      1.0000E+00
      9.2282E-01      1.1594E+00      1.0445E+00      1.3115E+00      7.1176E-01      7.3294E+01      9.9711E+01      1.0000E+00
      5.0660E-01      1.2230E+00      1.0938E+00      1.4835E+00      3.3676E-01      7.4338E+01      1.1333E+02      1.0000E+00
      5.4167E-01      1.2336E+00      1.1917E+00      1.5327E+00      3.8275E-01      6.8721E+01      1.1945E+02      1.0000E+00
      5.4132E-01      1.2337E+00      1.1902E+00      1.5325E+00      3.8217E-01      6.8859E+01      1.1939E+02      1.0000E+00
      5.0690E-01      1.2230E+00      1.0949E+00      1.4838E+00      3.3683E-01      7.4441E+01      1.1346E+02      1.0000E+00
      9.2432E-01      1.1626E+00      1.0457E+00      1.3160E+00      7.1219E-01      7.3095E+01      9.9609E+01      1.0000E+00
      6.8772E-01      1.3749E+00      1.1848E+00      1.7084E+00      4.6607E-01      6.6092E+01      1.1964E+02      1.0000E+00
      5.8389E-01      1.2217E+00      1.1228E+00      1.4166E+00      3.9193E-01      7.8821E+01      1.1693E+02      1.0000E+00
      9.1307E-01      1.0637E+00      1.0162E+00      1.1780E+00      8.1368E-01      8.1984E+01      9.4254E+01      1.0000E+00
      1.0657E+00      1.0310E+00      1.0023E+00      1.0588E+00      1.0125E+00      8.6187E+01      9.1918E+01      1.0000E+00
      1.0657E+00      1.0310E+00      1.0023E+00      1.0588E+00      1.0125E+00      8.6187E+01      9.1918E+01      1.0000E+00
      9.1307E-01      1.0637E+00      1.0162E+00      1.1780E+00      8.1368E-01      8.1984E+01      9.4254E+01      1.0000E+00
      5.8389E-01      1.2217E+00      1.1228E+00      1.4166E+00      3.9193E-01      7.8821E+01      1.1693E+02      1.0000E+00
      6.8772E-01      1.3749E+00      1.1848E+00      1.7084E+00      4.6607E-01      6.6092E+01      1.1964E+02      1.0000E+00
      9.2432E-01      1.1626E+00      1.0457E+00      1.3160E+00      7.1219E-01      7.3095E+01      9.9609E+01      1.0000E+00
      5.0690E-01      1.2230E+00      1.0949E+00      1.4838E+00      3.3683E-01      7.4441E+01      1.1346E+02      1.0000E+00
      5.4132E-01      1.2337E+00      1.1902E+00      1.5325E+00      3.8217E-01      6.8859E+01      1.1939E+02      1.0000E+00
      5.4167E-01      1.2336E+00      1.1917E+00      1.5327E+00      3.8275E-01      6.8721E+01      1.1945E+02      1.0000E+00
      5.0659E-01      1.2230E+00      1.0938E+00      1.4835E+00      3.3676E-01      7.4339E+01      1.1333E+02      1.0000E+00
      9.2281E-01      1.1594E+00      1.0445E+00      1.3115E+00      7.1176E-01      7.3294E+01      9.9711E+01      1.0000E+00
      6.8553E-01      1.3722E+00      1.1851E+00      1.7102E+00      4.6469E-01      6.6149E+01      1.1955E+02      1.0000E+00
      5.8075E-01      1.2248E+00      1.1209E+00      1.4229E+00      3.9068E-01      7.8755E+01      1.1673E+02      1.0000E+00
      9.0647E-01      1.0677E+00      1.0174E+00      1.1854E+00      8.0910E-01      8.1925E+01      9.4319E+01      1.0000E+00
      1.0566E+00      1.0354E+00      1.0024E+00      1.0642E+00      1.0051E+00      8.6158E+01      9.1758E+01      1.0000E+00
      1.0561E+00      1.0357E+00      1.0024E+00      1.0655E+00      1.0040E+00      8.6217E+01      9.1882E+01      1.0000E+00
      9.0525E-01      1.0684E+00      1.0177E+00      1.1879E+00      8.0775E-01      8.1977E+01      9.4284E+01      1.0000E+00
      5.7962E-01      1.2261E+00      1.1214E+00      1.4260E+00      3.8992E-01      7.8791E+01      1.1676E+02      1.0000E+00
      6.8279E-01      1.3690E+00      1.1824E+00      1.7073E+00      4.6307E-01      6.6422E+01      1.1935E+02      1.0000E+00
      9.1960E-01      1.1569E+00      1.0447E+00      1.3064E+00      7.0903E-01      7.3241E+01      9.9683E+01      1.0000E+00
      5.0504E-01      1.2199E+00      1.0932E+00      1.4820E+00      3.3621E-01      7.4367E+01      1.1322E+02      1.0000E+00
      5.4000E-01      1.2308E+00      1.1907E+00      1.5317E+00      3.8194E-01      6.8869E+01      1.1930E+02      1.0000E+00
      5.3984E-01      1.2308E+00      1.1897E+00      1.5313E+00      3.8167E-01      6.8953E+01      1.1926E+02      1.0000E+00
      5.0528E-01      1.2195E+00      1.0935E+00      1.4815E+00      3.3652E-01      7.4441E+01      1.1326E+02      1.0000E+00
      9.1967E-01      1.1568E+00      1.0450E+00      1.3063E+00      7.0912E-01      7.3175E+01      9.9609E+01      1.0000E+00
      9.7545E-01      1.0240E+00      1.0048E+00      1.0776E+00      9.3373E-01      8.5674E+01      9.3583E+01      1.0000E+00
      9.7545E-01      1.0240E+00      1.0048E+00      1.0776E+00      9.3373E-01      8.5674E+01      9.3583E+01      1.0000E+00
      6.6138E-01      1.2713E+00      1.1209E+00      1.5761E+00      3.8696E-01      6.7761E+01      1.1670E+02      1.0000E+00
      6.7285E-01      1.3498E+00      1.1949E+00      1.6776E+00      4.6499E-01      6.5310E+01      1.1992E+02      1.0000E+00
      8.5675E-01      1.1757E+00      1.0599E+00      1.3730E+00      6.5114E-01      7.0708E+01      9.8264E+01      1.0000E+00
      4.7148E-01      1.2420E+00      1.1051E+00      1.3770E+00      3.3679E-01      7.6904E+01      1.1519E+02      1.0000E+00
      5.2020E-01      1.5091E+00      1.2438E+00      1.7015E+00      3.7934E-01      5.7780E+01      1.2088E+02      1.0000E+00
      6.7720E-01      1.2978E+00      1.2697E+00      2.0261E+00      3.8703E-01      7.0877E+01      1.1714E+02      1.0000E+00
      6.3551E-01      1.2482E+00      1.2524E+00      1.8458E+00      4.4284E-01      6.7312E+01      1.1166E+02      1.0000E+00
      3.9155E-01      1.5496E+00      1.2358E+00      1.8628E+00      2.4101E-01      5.7371E+01      1.1296E+02      1.0000E+00
      3.4655E-01      1.2850E+00      1.1408E+00      1.4785E+00      2.6524E-01      6.1814E+01      1.1202E+02      1.0000E+00
      3.4695E-01      1.2838E+00      1.1393E+00      1.4763E+00      2.6565E-01      6.1955E+01      1.1185E+02      1.0000E+00
      3.9316E-01      1.5507E+00      1.2379E+00      1.8645E+00      2.4154E-01      5.7163E+01      1.1304E+02      1.0000E+00
      6.5073E-01      1.2433E+00      1.2517E+00      1.8621E+00      4.5386E-01      6.8764E+01      1.1140E+02      1.0000E+00
      6.5073E-01      1.2433E+00      1.2517E+00      1.8621E+00      4.5386E-01      6.8763E+01      1.1140E+02      1.0000E+00
      3.9316E-01      1.5507E+00      1.2379E+00      1.8645E+00      2.4153E-01      5.7163E+01      1.1304E+02      1.0000E+00
      3.4695E-01      1.2838E+00      1.1393E+00      1.4763E+00      2.6565E-01      6.1955E+01      1.1185E+02      1.0000E+00
      3.4655E-01      1.2850E+00      1.1408E+00      1.4785E+00      2.6524E-01      6.1814E+01      1.1202E+02      1.0000E+00
      3.9155E-01      1.5496E+00      1.2358E+00      1.8628E+00      2.4101E-01      5.7371E+01      1.1296E+02      1.0000E+00
      6.3551E-01      1.2482E+00      1.2524E+00      1.8458E+00      4.4284E-01      6.7312E+01      1.1166E+02      1.0000E+00
      6.7721E-01      1.2978E+00      1.2697E+00      2.0260E+00      3.8704E-01      7.0878E+01      1.1714E+02      1.0000E+00
      5.2019E-01      1.5092E+00      1.2438E+00      1.7015E+00      3.7933E-01      5.7780E+01      1.2088E+02      1.0000E+00
      4.7147E-01      1.2420E+00      1.1051E+00      1.3770E+00      3.3679E-01      7.6903E+01      1.1519E+02      1.0000E+00
      8.5674E-01      1.1757E+00      1.0599E+00      1.3730E+00      6.5113E-01      7.0708E+01      9.8264E+01      1.0000E+00
      6.7285E-01      1.3498E+00      1.1949E+00      1.6776E+00      4.6500E-01      6.5311E+01      1.1992E+02      1.0000E+00
      6.6139E-01      1.2713E+00      1.1209E+00      1.5761E+00      3.8696E-01      6.7761E+01      1.1671E+02      1.0000E+00
