  
 ----------------
 Bad Element Info
 ----------------
  
 Element           31
         -1.8519821182383109       -3.0145177264071812        0.0000000000000000     
         -1.6581722040727449       -3.2642820529520447        0.0000000000000000     
         -1.0536584997667082       -2.8398522841864788        0.0000000000000000     
         -1.9605324229959469       -2.5510804188145779        0.0000000000000000     
 Problems:
       Maximum Angle      155.37223151508144     
  
 //////////////////////////////////////////////////
 Element           41
         -3.6103002146154912       -1.1485412577970431        0.0000000000000000     
         -3.3842252352315567       -1.3916495355826326        0.0000000000000000     
         -2.9427269385617953      -0.85662574716633888        0.0000000000000000     
         -3.6968039849628869      -0.82327095442730769        0.0000000000000000     
 Problems:
       Maximum Angle      151.97192869649891     
  
 //////////////////////////////////////////////////
 Element           42
          2.6843826450001922       -1.5153835599025676        0.0000000000000000     
          3.2778389885295480       -1.7837709263115933        0.0000000000000000     
          3.2804047216892651       -1.4322105761759036        0.0000000000000000     
          3.2175366949824640       -1.0524552259095901        0.0000000000000000     
 Problems:
       Condition          5.8884719683790960     
       Maximum Angle      170.18186474959006     
  
 //////////////////////////////////////////////////
 Element          104
         -1.1746101066231696       -3.5777209263790257        0.0000000000000000     
         -1.3052820719021421       -4.1514536983325945        0.0000000000000000     
        -0.96037734202750613       -3.9536408584739546        0.0000000000000000     
        -0.66919298060658117       -3.6729845876262455        0.0000000000000000     
 Problems:
       Maximum Angle      165.89026491812064     
  
 //////////////////////////////////////////////////
  
 ------------------------
 2D Mesh Quality Measures
 ------------------------
  
Signed Area     Aspect Ratio    Condition       Edge Ratio      Jacobian        Minimum Angle   Maximum Angle   Area Sign       
      4.9896E-01      1.1993E+00      1.0904E+00      1.3911E+00      3.8578E-01      7.4158E+01      1.1211E+02      1.0000E+00
      8.5700E-01      1.1625E+00      1.0446E+00      1.2766E+00      7.3541E-01      7.4486E+01      1.0295E+02      1.0000E+00
      9.1691E-01      1.1213E+00      1.0333E+00      1.2610E+00      7.9237E-01      7.6436E+01      1.0090E+02      1.0000E+00
      9.9610E-01      1.1893E+00      1.0772E+00      1.3811E+00      8.0872E-01      6.9122E+01      1.0688E+02      1.0000E+00
      1.0833E+00      1.1287E+00      1.0278E+00      1.2635E+00      8.8077E-01      7.7460E+01      9.9004E+01      1.0000E+00
      7.7845E-01      1.0956E+00      1.0187E+00      1.2088E+00      6.8960E-01      8.5849E+01      9.8869E+01      1.0000E+00
      7.5529E-01      1.1854E+00      1.0975E+00      1.3808E+00      6.2078E-01      7.0472E+01      1.1129E+02      1.0000E+00
      8.0610E-01      1.0377E+00      1.0056E+00      1.0596E+00      7.6854E-01      8.5826E+01      9.6060E+01      1.0000E+00
      8.7195E-01      1.0148E+00      1.0012E+00      1.0279E+00      8.5750E-01      8.7230E+01      9.1869E+01      1.0000E+00
      8.9443E-01      1.0163E+00      1.0015E+00      1.0443E+00      8.7164E-01      8.7229E+01      9.1990E+01      1.0000E+00
      8.4562E-01      1.0455E+00      1.0040E+00      1.0934E+00      8.0320E-01      8.7587E+01      9.3336E+01      1.0000E+00
      7.3095E-01      1.0741E+00      1.0224E+00      1.2105E+00      6.3855E-01      8.4811E+01      9.9716E+01      1.0000E+00
      7.6179E-01      1.1829E+00      1.1391E+00      1.3401E+00      5.4710E-01      7.4813E+01      1.1825E+02      1.0000E+00
      8.7925E-01      1.0328E+00      1.0082E+00      1.0662E+00      8.3280E-01      8.2695E+01      9.4720E+01      1.0000E+00
      8.4758E-01      1.0071E+00      1.0005E+00      1.0124E+00      8.4127E-01      8.8219E+01      9.1433E+01      1.0000E+00
      8.4639E-01      1.0077E+00      1.0001E+00      1.0151E+00      8.3975E-01      8.9646E+01      9.0783E+01      1.0000E+00
      8.5423E-01      1.0364E+00      1.0082E+00      1.0879E+00      8.0796E-01      8.2681E+01      9.5796E+01      1.0000E+00
      5.8726E-01      1.2536E+00      1.0620E+00      1.4500E+00      4.6519E-01      7.6187E+01      1.0629E+02      1.0000E+00
      7.1523E-01      1.1614E+00      1.1245E+00      1.2827E+00      5.0665E-01      7.9206E+01      1.1722E+02      1.0000E+00
      8.7653E-01      1.0295E+00      1.0058E+00      1.0582E+00      8.3311E-01      8.3855E+01      9.3445E+01      1.0000E+00
      8.2510E-01      1.0058E+00      1.0002E+00      1.0188E+00      8.1900E-01      8.9556E+01      9.0467E+01      1.0000E+00
      7.5695E-01      1.1024E+00      1.0194E+00      1.1847E+00      6.5857E-01      8.3785E+01      1.0105E+02      1.0000E+00
      7.0737E-01      1.1628E+00      1.1211E+00      1.2820E+00      5.0593E-01      7.9012E+01      1.1688E+02      1.0000E+00
      8.6451E-01      1.0495E+00      1.0062E+00      1.0995E+00      8.0979E-01      8.3835E+01      9.2559E+01      1.0000E+00
      8.2280E-01      1.1772E+00      1.0508E+00      1.3097E+00      7.0865E-01      7.4054E+01      1.0640E+02      1.0000E+00
      7.1502E-01      1.1697E+00      1.1090E+00      1.3210E+00      5.2711E-01      7.9413E+01      1.1533E+02      1.0000E+00
      8.5810E-01      1.1542E+00      1.0578E+00      1.2431E+00      7.3451E-01      7.4708E+01      1.0863E+02      1.0000E+00
      1.3686E-01      1.5408E+00      1.2900E+00      1.6932E+00      8.1964E-02      6.2782E+01      1.2915E+02      1.0000E+00
      1.7130E-01      1.4579E+00      1.2171E+00      1.6050E+00      1.3000E-01      5.9232E+01      1.1969E+02      1.0000E+00
      2.5164E-01      1.6156E+00      1.3993E+00      2.1848E+00      1.0857E-01      4.5618E+01      1.1364E+02      1.0000E+00
      3.1109E-01      1.8987E+00      2.6034E+00      3.0105E+00      6.2707E-02      5.2736E+01      1.5537E+02      1.0000E+00
      3.2039E-01      1.3681E+00      1.1892E+00      1.7259E+00      2.2206E-01      5.9552E+01      1.1438E+02      1.0000E+00
      2.0888E-01      1.2092E+00      1.0756E+00      1.2947E+00      1.9202E-01      7.2451E+01      1.0789E+02      1.0000E+00
      3.9196E-01      1.7375E+00      1.5698E+00      2.1556E+00      2.0349E-01      5.1172E+01      1.3773E+02      1.0000E+00
      2.2345E-01      1.2436E+00      1.0820E+00      1.3793E+00      1.9555E-01      7.1746E+01      1.0623E+02      1.0000E+00
      2.9953E-01      1.3279E+00      1.2103E+00      1.5098E+00      2.2999E-01      5.5913E+01      1.1178E+02      1.0000E+00
      4.1042E-01      1.8720E+00      1.7600E+00      2.3218E+00      1.9752E-01      4.6687E+01      1.4223E+02      1.0000E+00
      2.3249E-01      1.2727E+00      1.1665E+00      1.4658E+00      1.4567E-01      7.7111E+01      1.2099E+02      1.0000E+00
      3.1819E-01      1.6432E+00      1.2973E+00      2.0584E+00      1.5614E-01      5.7411E+01      1.2306E+02      1.0000E+00
      4.0632E-01      1.4800E+00      1.1971E+00      1.7996E+00      2.6757E-01      5.9965E+01      1.1329E+02      1.0000E+00
      2.3534E-01      1.6975E+00      2.1283E+00      2.2737E+00      5.2506E-02      5.3003E+01      1.5197E+02      1.0000E+00
      2.2045E-01      1.6767E+00      5.8885E+00      2.0084E+00      2.3076E-02      5.8433E+01      1.7018E+02      1.0000E+00
      6.4047E-02      1.4358E+00      1.1781E+00      1.6549E+00      4.9380E-02      6.4175E+01      1.1296E+02      1.0000E+00
      7.3300E-02      1.5116E+00      1.2787E+00      1.8119E+00      5.5572E-02      5.4377E+01      1.1928E+02      1.0000E+00
      1.3294E-01      1.2024E+00      1.2394E+00      1.6475E+00      8.6809E-02      7.2115E+01      1.1959E+02      1.0000E+00
      1.6275E-01      1.0477E+00      1.0076E+00      1.0860E+00      1.5138E-01      8.6583E+01      9.6998E+01      1.0000E+00
      2.4592E-01      1.6336E+00      1.4257E+00      2.2163E+00      1.4406E-01      4.9537E+01      1.2483E+02      1.0000E+00
      1.4821E-01      1.0947E+00      1.0265E+00      1.2326E+00      1.2431E-01      8.3609E+01      1.0196E+02      1.0000E+00
      2.9332E-01      1.6237E+00      1.5361E+00      2.2011E+00      1.6469E-01      5.2210E+01      1.3321E+02      1.0000E+00
      3.1567E-01      1.1766E+00      1.0483E+00      1.3527E+00      2.5858E-01      7.3429E+01      1.0259E+02      1.0000E+00
      1.4510E-01      1.4023E+00      1.3545E+00      1.5720E+00      9.0618E-02      6.0189E+01      1.3172E+02      1.0000E+00
      2.2479E-01      1.0792E+00      1.0335E+00      1.2119E+00      2.0926E-01      7.9898E+01      9.9764E+01      1.0000E+00
      2.5856E-01      1.0848E+00      1.0168E+00      1.1648E+00      2.3563E-01      8.0062E+01      9.5172E+01      1.0000E+00
      1.8460E-01      1.2835E+00      1.2139E+00      1.6243E+00      1.1527E-01      7.8474E+01      1.2247E+02      1.0000E+00
      2.3861E-01      1.1122E+00      1.0390E+00      1.1604E+00      2.1794E-01      7.4826E+01      1.0354E+02      1.0000E+00
      2.8950E-01      1.4724E+00      1.3877E+00      2.0124E+00      1.6904E-01      5.9337E+01      1.2823E+02      1.0000E+00
      1.7422E-01      1.1170E+00      1.0287E+00      1.2337E+00      1.3746E-01      7.9207E+01      1.0356E+02      1.0000E+00
      2.8432E-01      1.4885E+00      1.3865E+00      2.0092E+00      1.6931E-01      5.8163E+01      1.2821E+02      1.0000E+00
      2.8962E-01      1.4354E+00      1.3232E+00      1.9098E+00      1.8661E-01      5.9214E+01      1.2477E+02      1.0000E+00
      3.2216E-01      1.5449E+00      1.4240E+00      2.0758E+00      1.7702E-01      5.8133E+01      1.3108E+02      1.0000E+00
      1.8071E-01      1.1003E+00      1.0319E+00      1.2015E+00      1.5050E-01      8.4976E+01      1.0415E+02      1.0000E+00
      2.7400E-01      1.0632E+00      1.0308E+00      1.1324E+00      2.5459E-01      7.9731E+01      1.0300E+02      1.0000E+00
      2.3273E-01      1.1513E+00      1.0294E+00      1.2741E+00      2.0136E-01      7.8192E+01      1.0011E+02      1.0000E+00
      1.3099E-01      1.3835E+00      1.1318E+00      1.7382E+00      8.7026E-02      7.1127E+01      1.1565E+02      1.0000E+00
      1.6129E-01      1.2755E+00      1.2251E+00      1.5472E+00      9.3351E-02      7.6065E+01      1.2496E+02      1.0000E+00
      2.2929E-01      1.0843E+00      1.0206E+00      1.1149E+00      2.1495E-01      7.9610E+01      1.0119E+02      1.0000E+00
      2.5331E-01      1.0640E+00      1.0130E+00      1.1299E+00      2.2898E-01      8.0858E+01      9.3829E+01      1.0000E+00
      1.6936E-01      1.3095E+00      1.4389E+00      1.5390E+00      8.7870E-02      7.1065E+01      1.3564E+02      1.0000E+00
      2.2886E-01      1.0394E+00      1.0129E+00      1.1098E+00      2.1643E-01      8.2108E+01      9.6956E+01      1.0000E+00
      2.7908E-01      1.4967E+00      1.3668E+00      2.0027E+00      1.6687E-01      5.8504E+01      1.2775E+02      1.0000E+00
      1.6687E-01      1.0999E+00      1.0369E+00      1.1958E+00      1.3563E-01      8.3817E+01      1.0532E+02      1.0000E+00
      2.7853E-01      1.4909E+00      1.3554E+00      2.0094E+00      1.6756E-01      5.8944E+01      1.2693E+02      1.0000E+00
      3.4476E-01      1.6712E+00      1.5396E+00      2.2986E+00      1.7959E-01      5.3467E+01      1.3410E+02      1.0000E+00
      1.7970E-01      1.1030E+00      1.0415E+00      1.1971E+00      1.4848E-01      8.3673E+01      1.0616E+02      1.0000E+00
      2.7844E-01      1.4929E+00      1.2876E+00      1.9245E+00      1.7865E-01      5.3717E+01      1.1974E+02      1.0000E+00
      2.4196E-01      1.1186E+00      1.0340E+00      1.2608E+00      2.0083E-01      7.5311E+01      9.7606E+01      1.0000E+00
      1.4546E-01      1.4799E+00      1.3491E+00      1.7011E+00      9.2243E-02      5.7426E+01      1.3078E+02      1.0000E+00
      2.5542E-01      1.0839E+00      1.0144E+00      1.1829E+00      2.2968E-01      8.5818E+01      9.7324E+01      1.0000E+00
      1.6902E-01      1.2236E+00      1.0839E+00      1.4942E+00      1.3084E-01      7.0334E+01      1.0592E+02      1.0000E+00
      8.6725E-02      1.1360E+00      1.0619E+00      1.4282E+00      7.0853E-02      7.9809E+01      1.0103E+02      1.0000E+00
      4.7583E-02      1.3623E+00      1.2149E+00      1.6537E+00      2.9411E-02      7.3639E+01      1.2368E+02      1.0000E+00
      1.9708E-01      1.1807E+00      1.0404E+00      1.3127E+00      1.6314E-01      7.8608E+01      1.0515E+02      1.0000E+00
      2.6951E-01      1.0171E+00      1.0079E+00      1.0289E+00      2.6503E-01      8.2810E+01      9.6889E+01      1.0000E+00
      1.8941E-01      1.1854E+00      1.0497E+00      1.3728E+00      1.5361E-01      7.7502E+01      1.0586E+02      1.0000E+00
      9.0160E-02      1.4874E+00      1.4071E+00      2.1450E+00      5.0528E-02      6.0139E+01      1.2752E+02      1.0000E+00
      5.6537E-02      1.2304E+00      1.0706E+00      1.4521E+00      3.9381E-02      7.1509E+01      1.0699E+02      1.0000E+00
      8.9421E-02      1.5010E+00      1.3469E+00      2.0688E+00      5.4041E-02      5.9058E+01      1.2549E+02      1.0000E+00
      2.7650E-01      1.5102E+00      1.3918E+00      2.0505E+00      1.6259E-01      5.7880E+01      1.2836E+02      1.0000E+00
      1.6121E-01      1.1075E+00      1.0289E+00      1.2018E+00      1.3352E-01      8.3838E+01      1.0360E+02      1.0000E+00
      2.7810E-01      1.4654E+00      1.3788E+00      1.9785E+00      1.6536E-01      5.9131E+01      1.2803E+02      1.0000E+00
      2.8087E-01      1.5173E+00      1.3328E+00      1.6574E+00      2.0884E-01      5.0386E+01      1.2818E+02      1.0000E+00
      3.2675E-01      1.7132E+00      1.5006E+00      2.4307E+00      1.7215E-01      5.3668E+01      1.3153E+02      1.0000E+00
      1.3129E-01      1.3134E+00      1.2901E+00      1.3250E+00      9.6225E-02      6.0044E+01      1.2902E+02      1.0000E+00
      1.6352E-01      1.2664E+00      1.2104E+00      1.8639E+00      1.0568E-01      6.9831E+01      1.0770E+02      1.0000E+00
      1.4551E-01      1.2184E+00      1.0633E+00      1.3339E+00      1.2003E-01      7.4581E+01      1.0843E+02      1.0000E+00
      4.3888E-02      1.3132E+00      1.1553E+00      1.5969E+00      2.7801E-02      7.6150E+01      1.1938E+02      1.0000E+00
      8.5011E-02      1.1962E+00      1.0941E+00      1.5006E+00      6.7902E-02      7.2797E+01      1.0705E+02      1.0000E+00
      2.0346E-01      1.1388E+00      1.0248E+00      1.2396E+00      1.8948E-01      8.2225E+01      9.6183E+01      1.0000E+00
      2.6246E-01      1.0557E+00      1.0268E+00      1.0654E+00      2.5373E-01      7.6993E+01      1.0278E+02      1.0000E+00
      2.8929E-01      1.5703E+00      1.4717E+00      1.8279E+00      1.6874E-01      5.3782E+01      1.3548E+02      1.0000E+00
      1.1781E-01      1.3401E+00      1.2542E+00      1.9180E+00      7.1184E-02      5.9347E+01      1.0712E+02      1.0000E+00
      1.8254E-01      1.2915E+00      1.2590E+00      1.5279E+00      1.4728E-01      5.7431E+01      1.1992E+02      1.0000E+00
      2.3376E-01      1.2621E+00      1.3501E+00      1.6992E+00      1.4567E-01      6.9781E+01      1.2644E+02      1.0000E+00
      1.7081E-01      1.6404E+00      4.1027E+00      1.4799E+00      3.9200E-02      4.7334E+01      1.6589E+02      1.0000E+00
      1.0091E-01      1.2911E+00      1.0961E+00      1.5209E+00      7.6315E-02      7.5443E+01      1.0535E+02      1.0000E+00
      1.3785E-01      1.4774E+00      1.4266E+00      1.7577E+00      6.9133E-02      6.6510E+01      1.3520E+02      1.0000E+00
      1.8203E-01      1.4546E+00      1.1833E+00      1.6669E+00      1.2528E-01      6.6919E+01      1.1845E+02      1.0000E+00
      2.5117E-01      1.3164E+00      1.1810E+00      1.6273E+00      1.4372E-01      7.1355E+01      1.2186E+02      1.0000E+00
      2.9220E-01      1.2247E+00      1.1892E+00      1.3164E+00      2.0950E-01      6.9706E+01      1.2269E+02      1.0000E+00
      3.6756E-01      1.7860E+00      1.4041E+00      2.0461E+00      2.3067E-01      5.1434E+01      1.2552E+02      1.0000E+00
      8.1923E-01      1.3236E+00      1.6071E+00      1.6928E+00      4.4923E-01      5.9383E+01      1.3758E+02      1.0000E+00
      9.9820E-01      1.1639E+00      1.1075E+00      1.4380E+00      7.8718E-01      7.3108E+01      1.1030E+02      1.0000E+00
      3.7598E-01      1.9011E+00      1.4642E+00      2.7211E+00      1.3316E-01      4.4467E+01      1.2821E+02      1.0000E+00
      1.2986E-01      1.2634E+00      1.2907E+00      1.2260E+00      1.0400E-01      6.0712E+01      1.2883E+02      1.0000E+00
      6.9178E-02      1.3745E+00      1.1765E+00      1.5742E+00      6.0957E-02      6.3808E+01      1.1470E+02      1.0000E+00
      7.6908E-02      1.3122E+00      1.3762E+00      1.4834E+00      4.8501E-02      6.1687E+01      1.3235E+02      1.0000E+00
      9.2047E-02      1.6975E+00      1.3539E+00      2.0387E+00      5.3404E-02      6.2404E+01      1.2136E+02      1.0000E+00
      1.2602E-01      1.5850E+00      1.2459E+00      2.2406E+00      6.0271E-02      5.5122E+01      1.1936E+02      1.0000E+00
      2.1329E-01      1.2872E+00      1.3395E+00      1.5554E+00      1.5497E-01      5.8055E+01      1.2664E+02      1.0000E+00
      1.6475E-01      1.2380E+00      1.2419E+00      1.7235E+00      1.1772E-01      6.3657E+01      1.1196E+02      1.0000E+00
      1.4775E-01      1.3023E+00      1.2517E+00      1.9805E+00      9.3378E-02      7.0702E+01      1.1434E+02      1.0000E+00
      9.7068E-02      1.4858E+00      1.3442E+00      1.7964E+00      7.7203E-02      5.2780E+01      1.1893E+02      1.0000E+00
      1.1320E-01      1.2252E+00      1.2962E+00      1.4106E+00      7.5295E-02      6.8233E+01      1.2819E+02      1.0000E+00
      1.3011E-01      1.5885E+00      1.3012E+00      2.0986E+00      7.4970E-02      5.9001E+01      1.1353E+02      1.0000E+00
      1.6856E-01      1.3265E+00      1.2665E+00      2.0284E+00      9.0645E-02      6.3424E+01      1.1569E+02      1.0000E+00
      2.2324E-01      1.2115E+00      1.2448E+00      1.1514E+00      1.9714E-01      5.8423E+01      1.2586E+02      1.0000E+00
      9.7050E-02      1.9119E+00      1.8191E+00      3.2652E+00      7.0553E-02      5.9857E+01      1.1049E+02      1.0000E+00
      1.3069E-01      1.5447E+00      1.6195E+00      1.1308E+00      1.1061E-01      4.3419E+01      1.4181E+02      1.0000E+00
      1.4917E-01      1.4144E+00      1.3125E+00      2.1499E+00      8.2694E-02      6.1342E+01      1.1201E+02      1.0000E+00
      1.5681E-01      1.5494E+00      1.3972E+00      2.3727E+00      7.2914E-02      5.5024E+01      1.1897E+02      1.0000E+00
      3.6382E-01      1.4850E+00      1.2307E+00      1.6952E+00      2.5283E-01      5.9601E+01      1.2413E+02      1.0000E+00
      6.1221E-01      1.1231E+00      1.1424E+00      1.3611E+00      4.9831E-01      7.0489E+01      1.1346E+02      1.0000E+00
      3.0788E-01      1.6577E+00      1.6251E+00      2.9540E+00      1.5060E-01      5.4238E+01      1.2297E+02      1.0000E+00
      1.7692E-01      1.6747E+00      1.3951E+00      2.2807E+00      1.1594E-01      6.4269E+01      1.1291E+02      1.0000E+00
      2.4078E-01      1.5071E+00      1.6386E+00      1.6673E+00      1.6737E-01      4.5925E+01      1.3766E+02      1.0000E+00
      2.2721E-01      1.4533E+00      1.3119E+00      2.1562E+00      1.8598E-01      7.8860E+01      9.6137E+01      1.0000E+00
      1.6056E-01      1.7065E+00      1.8362E+00      2.1942E+00      9.9744E-02      4.1464E+01      1.3735E+02      1.0000E+00
      7.4227E-02      1.6504E+00      1.5749E+00      2.7907E+00      4.5076E-02      6.2101E+01      1.0625E+02      1.0000E+00
      2.8356E-02      1.6357E+00      1.4476E+00      1.6030E+00      2.4637E-02      4.5994E+01      1.3439E+02      1.0000E+00
      2.8149E-02      2.1710E+00      2.0713E+00      3.2384E+00      1.1786E-02      5.6014E+01      1.3886E+02      1.0000E+00
      4.2293E-02      1.6462E+00      1.3158E+00      1.9348E+00      2.8185E-02      5.4781E+01      1.2350E+02      1.0000E+00
      4.0886E-02      1.4923E+00      1.4462E+00      1.7304E+00      2.3538E-02      6.1933E+01      1.3506E+02      1.0000E+00
      7.8374E-02      1.1583E+00      1.1150E+00      1.5635E+00      6.3029E-02      7.9374E+01      9.8917E+01      1.0000E+00
      1.3484E-01      1.2228E+00      1.0807E+00      1.4904E+00      9.7077E-02      7.2727E+01      1.0518E+02      1.0000E+00
      1.1126E-01      1.2611E+00      1.2208E+00      1.5961E+00      8.4134E-02      6.2986E+01      1.1835E+02      1.0000E+00
      1.0723E-01      1.2488E+00      1.0795E+00      1.5809E+00      8.2349E-02      7.4788E+01      1.0601E+02      1.0000E+00
      9.9395E-02      1.3670E+00      1.2553E+00      1.3972E+00      8.2858E-02      5.4405E+01      1.2564E+02      1.0000E+00
      9.9526E-02      1.6988E+00      1.3743E+00      2.2137E+00      5.9336E-02      5.9271E+01      1.1546E+02      1.0000E+00
      1.2496E-01      1.4737E+00      1.2006E+00      1.8446E+00      9.4617E-02      6.8587E+01      1.0543E+02      1.0000E+00
      1.4256E-01      1.2920E+00      1.3632E+00      1.2737E+00      1.0854E-01      5.5900E+01      1.3210E+02      1.0000E+00
      1.4686E-01      1.2817E+00      1.1943E+00      1.8418E+00      9.0332E-02      6.9655E+01      1.1257E+02      1.0000E+00
      1.3649E-01      1.5141E+00      1.2796E+00      2.0581E+00      7.6025E-02      6.1038E+01      1.1571E+02      1.0000E+00
      2.0061E-01      1.2318E+00      1.1216E+00      1.3800E+00      1.6233E-01      6.3379E+01      1.0703E+02      1.0000E+00
      1.2786E-01      1.5749E+00      1.2855E+00      2.0652E+00      7.2456E-02      5.8350E+01      1.1347E+02      1.0000E+00
      9.4227E-02      1.4052E+00      1.3174E+00      1.2638E+00      8.7461E-02      4.9796E+01      1.2694E+02      1.0000E+00
      9.2816E-02      1.1400E+00      1.0758E+00      1.4723E+00      7.2123E-02      7.8579E+01      1.0229E+02      1.0000E+00
      1.0521E-01      1.2147E+00      1.1365E+00      1.6591E+00      7.2513E-02      7.7020E+01      1.1082E+02      1.0000E+00
      2.1358E-01      1.1001E+00      1.0596E+00      1.3009E+00      1.8106E-01      7.9482E+01      1.0484E+02      1.0000E+00
      2.2124E-01      1.2569E+00      1.1414E+00      1.4117E+00      1.6050E-01      7.0872E+01      1.1846E+02      1.0000E+00
      2.5124E-01      1.2969E+00      1.1642E+00      1.5344E+00      1.5899E-01      7.4861E+01      1.2055E+02      1.0000E+00
      2.8606E-01      1.3329E+00      1.1973E+00      1.5565E+00      1.9105E-01      7.1848E+01      1.2257E+02      1.0000E+00
      1.1408E-01      1.4894E+00      1.2958E+00      2.0560E+00      6.1422E-02      5.1887E+01      1.0541E+02      1.0000E+00
      4.4118E-01      1.3205E+00      1.1235E+00      1.5189E+00      3.3392E-01      6.5062E+01      1.1022E+02      1.0000E+00
