  
 ----------------
 Bad Element Info
 ----------------
  
 Element          137
         -10.998102438479709        1.9525757616876340        0.0000000000000000     
         -10.959048162238441        2.0906969970511224        0.0000000000000000     
         -10.993270185311696        2.2197307042038488        0.0000000000000000     
         -11.199273233386350        2.1486368091216290        0.0000000000000000     
 Problems:
       Maximum Angle      149.35767746194776     
  
 //////////////////////////////////////////////////
  
 ------------------------
 2D Mesh Quality Measures
 ------------------------
  
Signed Area     Aspect Ratio    Condition       Edge Ratio      Jacobian        Minimum Angle   Maximum Angle   Area Sign       
      1.2423E+01      1.2385E+00      1.2859E+00      1.4887E+00      7.8478E+00      6.8584E+01      1.2742E+02      1.0000E+00
      1.0205E+00      1.3907E+00      1.2746E+00      1.6510E+00      6.4141E-01      6.3720E+01      1.2713E+02      1.0000E+00
      9.6366E-01      1.3589E+00      1.2902E+00      1.6394E+00      5.7362E-01      6.6480E+01      1.2820E+02      1.0000E+00
      1.2909E+00      1.2583E+00      1.3000E+00      1.4064E+00      7.5397E-01      7.2459E+01      1.2971E+02      1.0000E+00
      1.5768E+00      1.0630E+00      1.0100E+00      1.1286E+00      1.4532E+00      8.2160E+01      9.5643E+01      1.0000E+00
      1.5133E+00      1.1138E+00      1.0407E+00      1.2811E+00      1.2875E+00      7.5964E+01      1.0054E+02      1.0000E+00
      1.6401E+00      1.0660E+00      1.0159E+00      1.1619E+00      1.4658E+00      8.0054E+01      9.5960E+01      1.0000E+00
      1.4191E+00      1.0184E+00      1.0006E+00      1.0277E+00      1.4027E+00      8.8528E+01      9.1331E+01      1.0000E+00
      1.4683E+00      1.0337E+00      1.0018E+00      1.0579E+00      1.4189E+00      8.8696E+01      9.2664E+01      1.0000E+00
      1.3035E+00      1.0739E+00      1.0138E+00      1.1759E+00      1.1992E+00      8.6442E+01      9.7064E+01      1.0000E+00
      1.4879E+00      1.0356E+00      1.0049E+00      1.0965E+00      1.4324E+00      8.7152E+01      9.2034E+01      1.0000E+00
      1.6886E+00      1.0426E+00      1.0068E+00      1.1056E+00      1.5573E+00      8.6943E+01      9.6190E+01      1.0000E+00
      2.1085E+00      1.0497E+00      1.0094E+00      1.1244E+00      1.9416E+00      8.2779E+01      9.4049E+01      1.0000E+00
      1.4772E+00      1.0496E+00      1.0037E+00      1.0884E+00      1.4323E+00      8.8365E+01      9.1916E+01      1.0000E+00
      1.5310E+00      1.0542E+00      1.0045E+00      1.0914E+00      1.4862E+00      8.6568E+01      9.2747E+01      1.0000E+00
      1.5692E+00      1.0187E+00      1.0017E+00      1.0524E+00      1.5455E+00      8.8306E+01      9.1685E+01      1.0000E+00
      1.6894E+00      1.0646E+00      1.0055E+00      1.1068E+00      1.6279E+00      8.6600E+01      9.2633E+01      1.0000E+00
      1.2771E+00      1.1386E+00      1.0339E+00      1.2475E+00      1.0214E+00      8.1537E+01      1.0470E+02      1.0000E+00
      2.3691E+00      1.5896E+00      1.5274E+00      2.2323E+00      1.2989E+00      5.4123E+01      1.3228E+02      1.0000E+00
      2.0046E+00      1.5025E+00      1.3500E+00      1.9557E+00      1.3006E+00      5.2354E+01      1.2302E+02      1.0000E+00
      5.7460E+00      1.2240E+00      1.1184E+00      1.3310E+00      4.4478E+00      7.0990E+01      1.1638E+02      1.0000E+00
      5.0464E+00      1.3144E+00      1.2528E+00      1.4752E+00      3.1294E+00      6.9310E+01      1.2698E+02      1.0000E+00
      2.3445E+00      1.4735E+00      1.2947E+00      1.8637E+00      1.4706E+00      6.0222E+01      1.2608E+02      1.0000E+00
      1.3243E+00      1.2489E+00      1.2826E+00      1.4093E+00      7.7169E-01      7.4094E+01      1.2876E+02      1.0000E+00
      1.0247E+00      1.3498E+00      1.2720E+00      1.6890E+00      5.9537E-01      6.8932E+01      1.2682E+02      1.0000E+00
      1.8701E+00      1.0582E+00      1.0263E+00      1.0833E+00      1.7870E+00      7.7079E+01      1.0043E+02      1.0000E+00
      9.8574E-01      1.3881E+00      1.2571E+00      1.6755E+00      6.1527E-01      6.5016E+01      1.2597E+02      1.0000E+00
      1.5547E+00      1.1174E+00      1.0256E+00      1.2360E+00      1.3551E+00      7.7769E+01      9.9367E+01      1.0000E+00
      1.6132E+00      1.1338E+00      1.0233E+00      1.1960E+00      1.4490E+00      8.0305E+01      9.8256E+01      1.0000E+00
      1.5938E+00      1.1024E+00      1.0215E+00      1.1915E+00      1.3795E+00      7.8467E+01      9.5791E+01      1.0000E+00
      1.3080E+00      1.0503E+00      1.0107E+00      1.1510E+00      1.1955E+00      8.5245E+01      9.4850E+01      1.0000E+00
      1.9425E+00      1.0452E+00      1.0213E+00      1.0440E+00      1.9034E+00      7.8415E+01      1.0127E+02      1.0000E+00
      1.6084E+00      1.1440E+00      1.0246E+00      1.2580E+00      1.4098E+00      7.9717E+01      9.9202E+01      1.0000E+00
      1.2852E+00      1.2802E+00      1.3634E+00      1.4785E+00      6.6347E-01      7.4854E+01      1.3282E+02      1.0000E+00
      1.2505E+00      1.0638E+00      1.0049E+00      1.1202E+00      1.1424E+00      8.4690E+01      9.4637E+01      1.0000E+00
      1.2507E+00      1.0742E+00      1.0067E+00      1.1194E+00      1.1536E+00      8.6091E+01      9.5118E+01      1.0000E+00
      1.6192E+00      1.1115E+00      1.0267E+00      1.2510E+00      1.4349E+00      7.9545E+01      1.0016E+02      1.0000E+00
      1.8716E+00      1.0393E+00      1.0148E+00      1.1039E+00      1.7720E+00      8.1055E+01      9.8031E+01      1.0000E+00
      1.2278E+00      1.3358E+00      1.4738E+00      1.5184E+00      5.9392E-01      7.0242E+01      1.3727E+02      1.0000E+00
      2.0481E+00      1.4854E+00      1.3448E+00      1.9429E+00      1.3246E+00      5.2396E+01      1.2199E+02      1.0000E+00
      1.4529E+00      1.1374E+00      1.0351E+00      1.3188E+00      1.1229E+00      7.7379E+01      1.0350E+02      1.0000E+00
      2.6572E+00      1.6572E+00      1.5428E+00      2.2547E+00      1.3910E+00      5.3450E+01      1.3451E+02      1.0000E+00
      1.3119E+00      1.2020E+00      1.0638E+00      1.4972E+00      9.5800E-01      7.4410E+01      1.0517E+02      1.0000E+00
      2.5703E+00      1.7117E+00      1.6964E+00      2.3242E+00      1.2120E+00      5.1592E+01      1.3948E+02      1.0000E+00
      1.6580E+00      1.4785E+00      1.3342E+00      1.9630E+00      9.8726E-01      4.9752E+01      1.1536E+02      1.0000E+00
      6.3546E+00      1.1489E+00      1.0365E+00      1.2617E+00      5.5768E+00      7.6687E+01      1.0398E+02      1.0000E+00
      7.2787E+00      1.0773E+00      1.0208E+00      1.1669E+00      6.4415E+00      7.8422E+01      9.6711E+01      1.0000E+00
      6.4932E+00      1.1263E+00      1.0375E+00      1.2515E+00      5.6041E+00      7.8400E+01      1.0421E+02      1.0000E+00
      6.6798E+00      1.0218E+00      1.0013E+00      1.0509E+00      6.5041E+00      8.8207E+01      9.1203E+01      1.0000E+00
      6.2075E+00      1.1926E+00      1.2123E+00      1.3338E+00      4.0906E+00      7.4247E+01      1.2432E+02      1.0000E+00
      7.3670E+00      1.1166E+00      1.0327E+00      1.2707E+00      6.2428E+00      7.7612E+01      9.4945E+01      1.0000E+00
      5.5844E+00      1.3116E+00      1.1693E+00      1.4357E+00      3.9867E+00      6.7909E+01      1.2108E+02      1.0000E+00
      1.3864E+00      1.0644E+00      1.0312E+00      1.2122E+00      1.2422E+00      7.9844E+01      9.8959E+01      1.0000E+00
      1.4527E+00      1.1888E+00      1.0944E+00      1.2917E+00      1.1479E+00      7.3719E+01      1.1381E+02      1.0000E+00
      5.9035E-01      1.4918E+00      1.3407E+00      1.9076E+00      3.6811E-01      5.7962E+01      1.2763E+02      1.0000E+00
      1.4067E+00      1.0177E+00      1.0010E+00      1.0371E+00      1.3759E+00      8.7469E+01      9.1373E+01      1.0000E+00
      1.3000E+00      1.0437E+00      1.0101E+00      1.1378E+00      1.2006E+00      8.4807E+01      9.3400E+01      1.0000E+00
      1.5086E+00      1.1613E+00      1.0539E+00      1.3050E+00      1.2886E+00      7.2551E+01      1.0562E+02      1.0000E+00
      1.5212E+00      1.1025E+00      1.0314E+00      1.2514E+00      1.2800E+00      7.6865E+01      9.6259E+01      1.0000E+00
      5.2884E-01      1.0621E+00      1.0122E+00      1.1299E+00      4.8666E-01      8.1249E+01      9.4589E+01      1.0000E+00
      4.4314E-01      1.0252E+00      1.0040E+00      1.0537E+00      4.2402E-01      8.6814E+01      9.5054E+01      1.0000E+00
      6.1095E-01      1.5635E+00      1.5223E+00      2.1887E+00      3.4522E-01      5.3914E+01      1.3169E+02      1.0000E+00
      3.4454E-01      1.1281E+00      1.0432E+00      1.2529E+00      2.6768E-01      8.0810E+01      1.0654E+02      1.0000E+00
      5.2773E-01      1.4636E+00      1.3290E+00      1.8898E+00      3.4902E-01      5.2952E+01      1.2177E+02      1.0000E+00
      4.1821E-01      1.0085E+00      1.0001E+00      1.0155E+00      4.1435E-01      8.9642E+01      9.0799E+01      1.0000E+00
      4.0028E-01      1.0152E+00      1.0006E+00      1.0350E+00      3.9072E-01      8.8193E+01      9.1034E+01      1.0000E+00
      4.7115E-01      1.0800E+00      1.0123E+00      1.1463E+00      4.1757E-01      8.1239E+01      9.4318E+01      1.0000E+00
      5.0570E-01      1.0412E+00      1.0078E+00      1.1272E+00      4.7686E-01      8.7036E+01      9.3300E+01      1.0000E+00
      3.8545E-01      1.1648E+00      1.0432E+00      1.3013E+00      3.1996E-01      7.8194E+01      1.0578E+02      1.0000E+00
      1.9517E-01      1.7714E+00      1.5693E+00      2.4565E+00      8.7394E-02      5.5417E+01      1.3676E+02      1.0000E+00
      1.6430E-01      1.5661E+00      1.3546E+00      2.1945E+00      9.7067E-02      5.8115E+01      1.2531E+02      1.0000E+00
      8.3014E-02      1.0658E+00      1.0122E+00      1.1140E+00      8.0147E-02      8.3564E+01      9.7933E+01      1.0000E+00
      6.6740E-01      1.6833E+00      1.4775E+00      2.2594E+00      3.4886E-01      5.4872E+01      1.3316E+02      1.0000E+00
      4.8617E-01      1.5307E+00      1.3633E+00      2.0282E+00      3.0617E-01      5.1993E+01      1.2301E+02      1.0000E+00
      3.1662E-01      1.0966E+00      1.0396E+00      1.2378E+00      2.7362E-01      7.9349E+01      1.0383E+02      1.0000E+00
      7.5551E-01      1.6936E+00      1.6791E+00      2.3417E+00      4.2802E-01      4.7478E+01      1.3514E+02      1.0000E+00
      3.5159E-01      1.0767E+00      1.0116E+00      1.1643E+00      3.1415E-01      8.4313E+01      9.6511E+01      1.0000E+00
      6.8986E-01      1.5316E+00      1.5557E+00      2.1640E+00      4.2964E-01      4.9762E+01      1.2835E+02      1.0000E+00
      3.8956E-01      1.1720E+00      1.0299E+00      1.2554E+00      3.3331E-01      8.1286E+01      9.8751E+01      1.0000E+00
      3.0845E-01      1.0584E+00      1.0165E+00      1.1691E+00      2.8017E-01      8.2053E+01      9.6206E+01      1.0000E+00
      1.5232E-01      1.4540E+00      1.3056E+00      2.1444E+00      8.4628E-02      6.1190E+01      1.1312E+02      1.0000E+00
      8.2814E-02      1.2730E+00      1.1099E+00      1.5857E+00      6.6002E-02      7.8599E+01      1.0258E+02      1.0000E+00
      2.0624E-01      1.1207E+00      1.0952E+00      1.3601E+00      1.6074E-01      7.7190E+01      1.1049E+02      1.0000E+00
      4.0432E-01      1.2225E+00      1.0446E+00      1.3790E+00      3.2649E-01      7.8935E+01      1.0227E+02      1.0000E+00
      5.9158E-01      1.0621E+00      1.0329E+00      1.0754E+00      5.6944E-01      7.5592E+01      1.0243E+02      1.0000E+00
      4.0724E-01      1.1920E+00      1.0894E+00      1.4194E+00      2.7688E-01      7.5895E+01      1.1302E+02      1.0000E+00
      1.9368E-01      1.4314E+00      1.6207E+00      2.0325E+00      9.2109E-02      6.0951E+01      1.3715E+02      1.0000E+00
      6.5402E-02      1.1982E+00      1.2645E+00      1.3226E+00      4.3880E-02      6.9376E+01      1.2737E+02      1.0000E+00
      1.6619E-01      1.4806E+00      1.4685E+00      1.9242E+00      1.0197E-01      5.4419E+01      1.3150E+02      1.0000E+00
      1.1679E+00      1.1263E+00      1.1361E+00      1.1476E+00      9.4585E-01      7.1975E+01      1.1833E+02      1.0000E+00
      1.5611E+00      1.1050E+00      1.0310E+00      1.2511E+00      1.3212E+00      7.7004E+01      9.6075E+01      1.0000E+00
      7.1055E-01      1.5053E+00      1.5536E+00      2.1387E+00      4.4634E-01      5.0235E+01      1.2786E+02      1.0000E+00
      4.0996E-01      1.1626E+00      1.0444E+00      1.3347E+00      3.2922E-01      7.4231E+01      9.6894E+01      1.0000E+00
      7.8934E-01      1.6818E+00      1.6670E+00      2.2915E+00      4.5220E-01      4.7561E+01      1.3525E+02      1.0000E+00
      1.3261E+00      1.0497E+00      1.0108E+00      1.1482E+00      1.2158E+00      8.4763E+01      9.4048E+01      1.0000E+00
      1.3163E+00      1.0486E+00      1.0099E+00      1.1416E+00      1.2180E+00      8.5219E+01      9.3547E+01      1.0000E+00
      1.6758E+00      1.4566E+00      1.2796E+00      1.9155E+00      1.0124E+00      5.2225E+01      1.1384E+02      1.0000E+00
      1.3552E+00      1.2094E+00      1.0698E+00      1.4931E+00      9.7263E-01      7.6189E+01      1.0860E+02      1.0000E+00
      2.5657E+00      1.7385E+00      1.6078E+00      2.3398E+00      1.2317E+00      5.2667E+01      1.3756E+02      1.0000E+00
      1.3361E+00      1.3070E+00      1.3885E+00      1.5436E+00      6.6352E-01      7.4014E+01      1.3389E+02      1.0000E+00
      1.7185E+00      1.1947E+00      1.0341E+00      1.2954E+00      1.4664E+00      7.9982E+01      9.8085E+01      1.0000E+00
      2.2344E+00      1.0492E+00      1.0181E+00      1.0694E+00      2.2094E+00      8.0323E+01      1.0031E+02      1.0000E+00
      1.5417E+00      1.1568E+00      1.0460E+00      1.3508E+00      1.1669E+00      7.5160E+01      1.0319E+02      1.0000E+00
      2.5322E+00      1.5710E+00      1.4876E+00      2.0716E+00      1.3804E+00      5.5549E+01      1.3362E+02      1.0000E+00
      2.3067E+00      1.3985E+00      1.3261E+00      1.9366E+00      1.4809E+00      6.0668E+01      1.2319E+02      1.0000E+00
      6.5679E+00      1.1256E+00      1.0694E+00      1.2622E+00      5.4906E+00      7.5365E+01      1.0941E+02      1.0000E+00
      6.8482E+00      1.0339E+00      1.0034E+00      1.0761E+00      6.7355E+00      8.7329E+01      9.2206E+01      1.0000E+00
      6.1922E+00      1.0996E+00      1.0178E+00      1.2073E+00      5.2585E+00      8.1360E+01      9.8697E+01      1.0000E+00
      9.0310E+00      1.2485E+00      1.0860E+00      1.4320E+00      7.0080E+00      6.8320E+01      1.0272E+02      1.0000E+00
      5.1337E+00      1.2061E+00      1.0681E+00      1.3808E+00      3.9101E+00      8.1238E+01      1.1005E+02      1.0000E+00
      6.7503E+00      1.4970E+00      1.2507E+00      1.7445E+00      4.6803E+00      5.8016E+01      1.2480E+02      1.0000E+00
      9.0591E+00      1.4627E+00      1.2840E+00      2.1565E+00      4.2923E+00      6.2516E+01      1.2515E+02      1.0000E+00
      3.7643E-01      1.0197E+00      1.0016E+00      1.0500E+00      3.6519E-01      8.7336E+01      9.1538E+01      1.0000E+00
      3.4999E-01      1.0280E+00      1.0038E+00      1.0831E+00      3.3822E-01      8.7557E+01      9.1978E+01      1.0000E+00
      3.7507E-01      1.1284E+00      1.0370E+00      1.2443E+00      3.2934E-01      7.7289E+01      1.0403E+02      1.0000E+00
      3.6166E-01      1.1526E+00      1.0593E+00      1.3276E+00      3.0959E-01      7.4200E+01      1.0613E+02      1.0000E+00
      1.5244E-01      1.7050E+00      1.7519E+00      2.3985E+00      6.9210E-02      5.1777E+01      1.4008E+02      1.0000E+00
      7.1523E-02      1.1492E+00      1.0258E+00      1.2475E+00      6.1838E-02      8.1908E+01      1.0074E+02      1.0000E+00
      1.1016E-01      1.5016E+00      1.3155E+00      1.9064E+00      6.9083E-02      5.0308E+01      1.1918E+02      1.0000E+00
      1.1311E-01      1.4591E+00      1.2633E+00      1.9264E+00      7.0253E-02      5.4615E+01      1.1559E+02      1.0000E+00
      1.5124E-01      1.7337E+00      1.5995E+00      2.2972E+00      7.5345E-02      5.1811E+01      1.3726E+02      1.0000E+00
      7.6358E-02      1.1009E+00      1.0531E+00      1.2438E+00      6.2943E-02      8.0827E+01      1.0715E+02      1.0000E+00
      3.1610E-01      1.0671E+00      1.0100E+00      1.1517E+00      2.9639E-01      8.6976E+01      9.4024E+01      1.0000E+00
      2.6190E-01      1.4175E+00      1.2315E+00      1.7081E+00      1.6495E-01      6.5221E+01      1.2449E+02      1.0000E+00
      3.4088E-01      1.1126E+00      1.0245E+00      1.2517E+00      2.9525E-01      8.1791E+01      1.0066E+02      1.0000E+00
      4.7557E-01      1.0821E+00      1.0372E+00      1.1426E+00      4.3854E-01      7.6367E+01      1.0472E+02      1.0000E+00
      3.6643E-01      1.1696E+00      1.1225E+00      1.3135E+00      2.5318E-01      8.0526E+01      1.1701E+02      1.0000E+00
      1.5095E-01      1.5867E+00      1.4284E+00      2.0827E+00      8.6039E-02      5.5629E+01      1.3120E+02      1.0000E+00
      8.4575E-02      1.1236E+00      1.0246E+00      1.2256E+00      7.2609E-02      8.5026E+01      1.0156E+02      1.0000E+00
      1.4541E-01      1.4702E+00      1.3761E+00      2.0160E+00      8.6648E-02      5.9140E+01      1.2724E+02      1.0000E+00
      7.0970E-02      1.1236E+00      1.0612E+00      1.3563E+00      6.2825E-02      8.1215E+01      1.0087E+02      1.0000E+00
      8.2095E-02      1.1600E+00      1.0415E+00      1.3298E+00      7.2470E-02      8.0106E+01      9.4138E+01      1.0000E+00
      8.2916E-02      1.1592E+00      1.0569E+00      1.2419E+00      6.9244E-02      7.7935E+01      1.0879E+02      1.0000E+00
      8.8387E-02      1.0764E+00      1.0063E+00      1.1623E+00      8.0660E-02      8.5003E+01      9.5011E+01      1.0000E+00
      3.1565E-02      1.5733E+00      1.2481E+00      2.2117E+00      1.5650E-02      6.1264E+01      1.2394E+02      1.0000E+00
      1.5158E-02      1.1905E+00      1.1258E+00      1.3011E+00      1.1786E-02      7.4102E+01      1.1696E+02      1.0000E+00
      3.2229E-02      1.6906E+00      1.9672E+00      2.1043E+00      9.7661E-03      6.1525E+01      1.4936E+02      1.0000E+00
      2.0464E-02      1.2808E+00      1.1410E+00      1.3854E+00      1.5121E-02      7.0848E+01      1.1873E+02      1.0000E+00
      2.4622E-02      1.1464E+00      1.0305E+00      1.2144E+00      2.2262E-02      7.9052E+01      9.9645E+01      1.0000E+00
      2.0759E-02      1.0499E+00      1.0071E+00      1.1231E+00      1.9096E-02      8.6827E+01      9.5936E+01      1.0000E+00
      2.0538E-02      1.0427E+00      1.0027E+00      1.0931E+00      1.9478E-02      8.6587E+01      9.2587E+01      1.0000E+00
      2.5060E-02      1.0950E+00      1.0168E+00      1.1927E+00      2.2483E-02      8.0182E+01      9.7978E+01      1.0000E+00
      1.1560E-01      1.2048E+00      1.0611E+00      1.4722E+00      8.3086E-02      7.5419E+01      1.0783E+02      1.0000E+00
      7.2503E-02      1.2610E+00      1.0845E+00      1.4405E+00      5.3888E-02      7.5051E+01      1.1236E+02      1.0000E+00
      1.4428E-01      1.4571E+00      1.3799E+00      2.0978E+00      9.0471E-02      5.8138E+01      1.2371E+02      1.0000E+00
      8.7652E-02      1.1382E+00      1.0440E+00      1.3274E+00      6.7746E-02      7.9657E+01      1.0567E+02      1.0000E+00
      1.6663E-01      1.5282E+00      1.4442E+00      2.1210E+00      9.1414E-02      5.8092E+01      1.3061E+02      1.0000E+00
      3.5503E-02      1.3721E+00      1.2273E+00      1.9067E+00      2.4403E-02      6.4080E+01      1.1599E+02      1.0000E+00
      2.6773E-02      1.1981E+00      1.1125E+00      1.4678E+00      1.7762E-02      7.6201E+01      1.1505E+02      1.0000E+00
      4.3837E-02      1.4923E+00      1.3546E+00      2.0056E+00      2.3921E-02      6.2646E+01      1.2895E+02      1.0000E+00
      1.4479E-02      1.4446E+00      1.4557E+00      1.8197E+00      7.2346E-03      6.3672E+01      1.3536E+02      1.0000E+00
      2.6447E-02      1.2023E+00      1.0653E+00      1.4416E+00      2.1169E-02      7.5391E+01      1.0661E+02      1.0000E+00
      2.7042E-02      1.0523E+00      1.0075E+00      1.0984E+00      2.5605E-02      8.3419E+01      9.5819E+01      1.0000E+00
      2.7853E-02      1.0646E+00      1.0074E+00      1.1282E+00      2.5912E-02      8.4715E+01      9.2728E+01      1.0000E+00
      2.7735E-02      1.1753E+00      1.0575E+00      1.3951E+00      1.9928E-02      7.2022E+01      1.0460E+02      1.0000E+00
      4.9027E-02      1.5876E+00      1.5157E+00      2.2275E+00      2.6479E-02      5.4960E+01      1.3234E+02      1.0000E+00
      3.7255E-02      1.5334E+00      1.3807E+00      1.9957E+00      2.3377E-02      4.9948E+01      1.2305E+02      1.0000E+00
      7.8511E-02      1.1754E+00      1.0449E+00      1.4244E+00      6.1292E-02      7.8566E+01      1.0344E+02      1.0000E+00
      1.7515E-01      1.6482E+00      1.5209E+00      2.3522E+00      9.0842E-02      5.4866E+01      1.3245E+02      1.0000E+00
      1.3865E-01      1.7450E+00      1.4889E+00      2.6211E+00      7.0920E-02      4.9983E+01      1.2411E+02      1.0000E+00
      1.1942E-01      1.0795E+00      1.0246E+00      1.1631E+00      1.0154E-01      8.5352E+01      1.0253E+02      1.0000E+00
      1.4286E-01      1.0249E+00      1.0087E+00      1.0420E+00      1.3979E-01      8.2514E+01      9.6500E+01      1.0000E+00
      1.0761E-01      1.1847E+00      1.2022E+00      1.3177E+00      7.3054E-02      7.3732E+01      1.2356E+02      1.0000E+00
      4.7034E-02      1.8804E+00      1.6021E+00      2.5382E+00      2.1221E-02      5.2215E+01      1.3780E+02      1.0000E+00
      2.1649E-02      1.1421E+00      1.0351E+00      1.2405E+00      1.9203E-02      8.1355E+01      1.0304E+02      1.0000E+00
      4.0644E-02      1.4834E+00      1.2749E+00      2.1346E+00      2.5363E-02      6.2346E+01      1.1915E+02      1.0000E+00
      2.5760E-02      1.0415E+00      1.0085E+00      1.1332E+00      2.4133E-02      8.6984E+01      9.4102E+01      1.0000E+00
      2.4393E-02      1.0522E+00      1.0054E+00      1.1048E+00      2.3230E-02      8.8268E+01      9.4321E+01      1.0000E+00
      3.3352E-02      1.1078E+00      1.0218E+00      1.2278E+00      2.8374E-02      8.3523E+01      1.0065E+02      1.0000E+00
      2.5052E-02      1.1133E+00      1.0139E+00      1.1772E+00      2.2911E-02      8.3511E+01      9.4476E+01      1.0000E+00
      2.3706E-02      1.0292E+00      1.0019E+00      1.0606E+00      2.3410E-02      8.8309E+01      9.1073E+01      1.0000E+00
      2.4748E-02      1.0348E+00      1.0019E+00      1.0637E+00      2.4229E-02      8.8793E+01      9.1225E+01      1.0000E+00
      2.4396E-02      1.1204E+00      1.0278E+00      1.1669E+00      2.2437E-02      7.9922E+01      1.0182E+02      1.0000E+00
      2.4592E-02      1.1127E+00      1.0187E+00      1.1770E+00      2.2577E-02      8.4080E+01      9.8107E+01      1.0000E+00
      4.7140E-02      1.4495E+00      1.1477E+00      1.7780E+00      3.1118E-02      6.5339E+01      1.0859E+02      1.0000E+00
      2.0029E-02      1.2244E+00      1.0631E+00      1.4190E+00      1.5282E-02      7.5194E+01      1.0321E+02      1.0000E+00
      1.1981E-02      1.4173E+00      1.3898E+00      2.0212E+00      5.7647E-03      6.9709E+01      1.3057E+02      1.0000E+00
      1.4038E-01      1.4846E+00      1.3868E+00      2.0481E+00      8.1808E-02      5.9179E+01      1.2783E+02      1.0000E+00
      8.3363E-02      1.3273E+00      1.0948E+00      1.6132E+00      5.8410E-02      6.8529E+01      1.0464E+02      1.0000E+00
      1.2839E-01      1.6814E+00      1.4492E+00      2.4171E+00      7.3844E-02      5.3426E+01      1.2753E+02      1.0000E+00
      4.3675E-02      1.5752E+00      1.7035E+00      2.2627E+00      1.6704E-02      6.2358E+01      1.4135E+02      1.0000E+00
      5.4194E-02      1.5604E+00      1.7961E+00      2.1200E+00      2.5629E-02      5.2830E+01      1.4146E+02      1.0000E+00
      1.7892E-02      1.2315E+00      1.3030E+00      1.3886E+00      1.0566E-02      7.2666E+01      1.2981E+02      1.0000E+00
      5.3111E-02      1.5366E+00      1.5791E+00      2.0848E+00      2.9157E-02      5.3718E+01      1.3488E+02      1.0000E+00
      3.7099E-02      1.4873E+00      1.6370E+00      1.9397E+00      1.4693E-02      6.6070E+01      1.4156E+02      1.0000E+00
      2.6196E-02      1.0160E+00      1.0012E+00      1.0433E+00      2.5644E-02      8.8109E+01      9.1316E+01      1.0000E+00
      2.8249E-02      1.0574E+00      1.0071E+00      1.0795E+00      2.7086E-02      8.4214E+01      9.5314E+01      1.0000E+00
      2.5337E-02      1.1135E+00      1.0179E+00      1.1807E+00      2.2865E-02      8.4893E+01      9.8146E+01      1.0000E+00
      2.5871E-02      1.1097E+00      1.0473E+00      1.1628E+00      2.2655E-02      7.8500E+01      1.0722E+02      1.0000E+00
      3.5887E-02      1.5760E+00      1.4657E+00      2.0935E+00      2.2024E-02      4.8051E+01      1.2590E+02      1.0000E+00
      2.1196E-02      1.0738E+00      1.0151E+00      1.1799E+00      1.8950E-02      8.2290E+01      9.4293E+01      1.0000E+00
      4.7016E-02      1.6317E+00      1.7636E+00      2.2837E+00      2.2410E-02      5.1683E+01      1.3981E+02      1.0000E+00
      1.2640E-02      1.4046E+00      1.3625E+00      1.9929E+00      6.1532E-03      6.9663E+01      1.2957E+02      1.0000E+00
      2.1729E-02      1.3004E+00      1.0888E+00      1.5142E+00      1.6401E-02      7.1043E+01      1.0117E+02      1.0000E+00
      5.2656E-02      1.4086E+00      1.1299E+00      1.6705E+00      3.9194E-02      7.0186E+01      1.1026E+02      1.0000E+00
      1.4175E-01      1.7302E+00      1.5334E+00      2.5478E+00      7.4602E-02      4.8182E+01      1.2598E+02      1.0000E+00
      8.4089E-02      1.2450E+00      1.0740E+00      1.5076E+00      6.2983E-02      6.9733E+01      1.0398E+02      1.0000E+00
      1.7722E-01      1.6037E+00      1.6352E+00      2.3403E+00      8.8762E-02      5.4012E+01      1.3517E+02      1.0000E+00
      8.3651E-02      1.4269E+00      1.5402E+00      1.8111E+00      3.1751E-02      6.4780E+01      1.3948E+02      1.0000E+00
      9.9922E-02      1.1370E+00      1.0583E+00      1.2807E+00      8.5716E-02      8.0554E+01      1.0714E+02      1.0000E+00
      1.6711E-01      1.4889E+00      1.3181E+00      2.1014E+00      9.4001E-02      6.3593E+01      1.2500E+02      1.0000E+00
      1.5501E-01      1.4306E+00      1.3052E+00      1.6609E+00      1.0531E-01      5.7836E+01      1.2786E+02      1.0000E+00
      4.5807E-01      1.0953E+00      1.0133E+00      1.1945E+00      3.9931E-01      8.1043E+01      9.5786E+01      1.0000E+00
      4.4254E-01      1.0481E+00      1.0104E+00      1.0862E+00      4.1526E-01      8.1867E+01      9.5615E+01      1.0000E+00
      3.4312E-01      1.0655E+00      1.0103E+00      1.1533E+00      3.0316E-01      8.3403E+01      9.6727E+01      1.0000E+00
      4.0072E-01      1.0313E+00      1.0025E+00      1.0575E+00      3.8443E-01      8.6080E+01      9.1890E+01      1.0000E+00
      2.5908E-01      1.3915E+00      1.2831E+00      1.7400E+00      1.5459E-01      6.5416E+01      1.2695E+02      1.0000E+00
      4.4162E-01      1.0711E+00      1.0165E+00      1.1493E+00      4.0571E-01      7.9965E+01      9.8522E+01      1.0000E+00
      4.0412E-01      1.1231E+00      1.0424E+00      1.2983E+00      3.4680E-01      7.6635E+01      1.0176E+02      1.0000E+00
      3.8176E-01      1.1113E+00      1.0459E+00      1.2114E+00      3.0377E-01      8.3561E+01      1.0704E+02      1.0000E+00
      4.4151E-01      1.0466E+00      1.0097E+00      1.0862E+00      4.1676E-01      8.2176E+01      9.4744E+01      1.0000E+00
      3.6385E-01      1.1577E+00      1.0354E+00      1.2438E+00      3.0522E-01      8.0399E+01      1.0483E+02      1.0000E+00
      1.2464E-01      1.7167E+00      1.4703E+00      2.5435E+00      7.0022E-02      5.2816E+01      1.2682E+02      1.0000E+00
      6.9853E-02      1.2005E+00      1.0391E+00      1.4187E+00      5.5692E-02      7.9638E+01      1.0325E+02      1.0000E+00
      1.4921E-01      1.5419E+00      1.4297E+00      2.1941E+00      7.8881E-02      5.9764E+01      1.2992E+02      1.0000E+00
      3.7400E-01      1.1920E+00      1.1067E+00      1.3404E+00      2.6127E-01      8.0383E+01      1.1536E+02      1.0000E+00
      3.7846E-01      1.1931E+00      1.0408E+00      1.3067E+00      3.1415E-01      8.0647E+01      1.0313E+02      1.0000E+00
      5.3947E-01      1.0409E+00      1.0125E+00      1.0593E+00      5.2192E-01      8.1113E+01      9.7523E+01      1.0000E+00
      8.7655E-02      1.0670E+00      1.0263E+00      1.1818E+00      7.6590E-02      8.3149E+01      1.0175E+02      1.0000E+00
      1.5428E-01      1.4488E+00      1.4113E+00      1.8353E+00      9.6964E-02      5.6135E+01      1.3032E+02      1.0000E+00
      1.5955E-01      1.5229E+00      1.4205E+00      2.1714E+00      9.0916E-02      5.8000E+01      1.2793E+02      1.0000E+00
      4.2378E-01      1.0201E+00      1.0008E+00      1.0393E+00      4.1998E-01      8.9504E+01      9.0947E+01      1.0000E+00
      4.1407E-01      1.0324E+00      1.0039E+00      1.0877E+00      3.9223E-01      8.7891E+01      9.3974E+01      1.0000E+00
      4.1504E-01      1.0804E+00      1.0110E+00      1.1450E+00      3.8290E-01      8.6609E+01      9.6788E+01      1.0000E+00
      5.0553E-01      1.0871E+00      1.0131E+00      1.1744E+00      4.5525E-01      8.2839E+01      9.4288E+01      1.0000E+00
      3.2888E-01      1.1298E+00      1.0389E+00      1.2448E+00      2.6584E-01      8.3550E+01      1.0564E+02      1.0000E+00
      5.6292E-01      1.5368E+00      1.4029E+00      2.0491E+00      3.2857E-01      5.6955E+01      1.2951E+02      1.0000E+00
      5.7199E-01      1.4754E+00      1.3348E+00      2.0666E+00      3.3903E-01      6.1116E+01      1.2484E+02      1.0000E+00
      1.6040E+00      1.1498E+00      1.0556E+00      1.3132E+00      1.3739E+00      7.3557E+01      1.0534E+02      1.0000E+00
      1.5523E+00      1.1694E+00      1.0556E+00      1.3110E+00      1.3304E+00      7.3877E+01      1.0693E+02      1.0000E+00
      3.2703E-01      1.2231E+00      1.0915E+00      1.5308E+00      2.4927E-01      7.4310E+01      1.0878E+02      1.0000E+00
      7.0222E-01      1.6967E+00      1.4751E+00      2.2726E+00      3.6648E-01      5.4724E+01      1.3315E+02      1.0000E+00
      5.2238E-01      1.6588E+00      1.3782E+00      2.4932E+00      2.6756E-01      5.3435E+01      1.1808E+02      1.0000E+00
      5.1350E-01      1.6833E+00      1.4428E+00      2.5168E+00      2.6578E-01      5.0991E+01      1.2141E+02      1.0000E+00
      3.0856E-01      1.2292E+00      1.0503E+00      1.5115E+00      2.3429E-01      7.6167E+01      1.0399E+02      1.0000E+00
      6.5762E-01      1.6729E+00      1.5676E+00      2.3406E+00      3.3520E-01      5.3416E+01      1.3460E+02      1.0000E+00
      1.5472E+00      1.0186E+00      1.0022E+00      1.0601E+00      1.4952E+00      8.7372E+01      9.2101E+01      1.0000E+00
      1.5726E+00      1.0344E+00      1.0057E+00      1.0969E+00      1.4930E+00      8.5375E+01      9.4091E+01      1.0000E+00
      1.6087E+00      1.0558E+00      1.0063E+00      1.0868E+00      1.5233E+00      8.5056E+01      9.6166E+01      1.0000E+00
      1.9437E+00      1.0848E+00      1.0146E+00      1.1639E+00      1.7308E+00      8.0554E+01      9.3653E+01      1.0000E+00
      1.4856E+00      1.1598E+00      1.0257E+00      1.2796E+00      1.2660E+00      8.2580E+01      1.0013E+02      1.0000E+00
      1.4831E+00      1.1577E+00      1.1211E+00      1.2794E+00      1.0579E+00      7.9235E+01      1.1687E+02      1.0000E+00
      1.8452E+00      1.0391E+00      1.0134E+00      1.0993E+00      1.7656E+00      8.1783E+01      9.7591E+01      1.0000E+00
      3.7252E-01      1.1316E+00      1.0320E+00      1.2779E+00      2.9045E-01      7.8710E+01      1.0414E+02      1.0000E+00
      6.3887E-01      1.5434E+00      1.4221E+00      2.0975E+00      3.5872E-01      5.7545E+01      1.3020E+02      1.0000E+00
      5.9275E-01      1.4759E+00      1.3575E+00      2.0197E+00      3.6754E-01      5.8314E+01      1.2567E+02      1.0000E+00
      1.2625E+00      1.1130E+00      1.0228E+00      1.2297E+00      1.0248E+00      8.0368E+01      1.0206E+02      1.0000E+00
      2.2839E+00      1.6401E+00      1.5569E+00      2.2317E+00      1.2636E+00      5.1780E+01      1.3383E+02      1.0000E+00
      1.9629E+00      1.4869E+00      1.3706E+00      1.9388E+00      1.2958E+00      5.2353E+01      1.2411E+02      1.0000E+00
      5.4426E+00      1.1589E+00      1.0941E+00      1.3073E+00      4.0241E+00      8.1098E+01      1.1376E+02      1.0000E+00
      5.8691E+00      1.1818E+00      1.1558E+00      1.3511E+00      4.1725E+00      7.3819E+01      1.1952E+02      1.0000E+00
      6.4978E+00      1.0618E+00      1.0104E+00      1.0988E+00      6.0805E+00      8.2162E+01      9.5405E+01      1.0000E+00
      1.3194E+00      1.1189E+00      1.0316E+00      1.2490E+00      1.0754E+00      8.2612E+01      1.0387E+02      1.0000E+00
      2.2112E+00      1.5302E+00      1.4273E+00      1.9901E+00      1.2876E+00      5.6226E+01      1.3124E+02      1.0000E+00
      2.2025E+00      1.4588E+00      1.3367E+00      2.0272E+00      1.3293E+00      6.0746E+01      1.2490E+02      1.0000E+00
      5.2048E+00      1.1841E+00      1.0622E+00      1.4188E+00      3.6762E+00      7.2657E+01      1.0668E+02      1.0000E+00
      8.0278E+00      1.5753E+00      1.6464E+00      2.0597E+00      3.2860E+00      6.1125E+01      1.4137E+02      1.0000E+00
      5.7225E+00      1.1942E+00      1.1324E+00      1.4910E+00      4.5048E+00      6.9673E+01      1.1195E+02      1.0000E+00
      2.6766E-01      1.3724E+00      1.3085E+00      1.6620E+00      1.6395E-01      6.3624E+01      1.2855E+02      1.0000E+00
      1.5442E+00      1.1727E+00      1.1734E+00      1.3306E+00      1.1075E+00      7.2279E+01      1.2086E+02      1.0000E+00
      1.4443E+00      1.2503E+00      1.3309E+00      1.4140E+00      8.3731E-01      7.2262E+01      1.3119E+02      1.0000E+00
      3.4958E-01      1.1657E+00      1.0528E+00      1.2801E+00      2.8524E-01      7.8046E+01      1.0799E+02      1.0000E+00
      5.8432E-01      1.7078E+00      1.6095E+00      2.2605E+00      3.0883E-01      5.0330E+01      1.3660E+02      1.0000E+00
      4.2288E-01      1.3920E+00      1.2902E+00      1.4988E+00      3.2046E-01      5.0887E+01      1.1771E+02      1.0000E+00
      1.8270E+00      1.0307E+00      1.0035E+00      1.0599E+00      1.7281E+00      8.5244E+01      9.1800E+01      1.0000E+00
      1.7679E+00      1.0400E+00      1.0029E+00      1.0669E+00      1.7201E+00      8.7704E+01      9.3131E+01      1.0000E+00
      1.8959E+00      1.0562E+00      1.0165E+00      1.1052E+00      1.7258E+00      7.9676E+01      9.5312E+01      1.0000E+00
      1.6560E+00      1.0343E+00      1.0048E+00      1.0656E+00      1.5679E+00      8.7400E+01      9.5543E+01      1.0000E+00
      2.0188E+00      1.4545E+00      1.3181E+00      1.9217E+00      1.3215E+00      5.4318E+01      1.2068E+02      1.0000E+00
      1.2853E+00      1.1054E+00      1.0275E+00      1.2217E+00      1.0757E+00      8.4197E+01      1.0290E+02      1.0000E+00
      2.5241E+00      1.7149E+00      1.6037E+00      2.3366E+00      1.2685E+00      5.1914E+01      1.3642E+02      1.0000E+00
      1.4815E+00      1.2290E+00      1.2822E+00      1.3769E+00      8.9986E-01      7.3240E+01      1.2869E+02      1.0000E+00
      1.7755E+00      1.0822E+00      1.0192E+00      1.1788E+00      1.5340E+00      7.8872E+01      9.4451E+01      1.0000E+00
      1.3830E+00      1.2577E+00      1.2208E+00      1.4210E+00      9.2288E-01      6.9346E+01      1.2465E+02      1.0000E+00
      1.2431E+00      1.1000E+00      1.0433E+00      1.2258E+00      1.0224E+00      8.2881E+01      1.0604E+02      1.0000E+00
      2.2996E+00      1.5896E+00      1.4670E+00      2.1260E+00      1.1918E+00      5.7565E+01      1.3342E+02      1.0000E+00
      1.8453E+00      1.4217E+00      1.2718E+00      1.8629E+00      1.2748E+00      5.8251E+01      1.2055E+02      1.0000E+00
      6.1845E+00      1.1374E+00      1.0478E+00      1.2736E+00      5.3551E+00      7.5817E+01      1.0557E+02      1.0000E+00
      6.0808E+00      1.0142E+00      1.0004E+00      1.0249E+00      6.0143E+00      8.9384E+01      9.1043E+01      1.0000E+00
      6.3360E+00      1.1512E+00      1.0337E+00      1.3065E+00      4.8480E+00      7.7382E+01      1.0456E+02      1.0000E+00
      6.2143E+00      1.1256E+00      1.0348E+00      1.2542E+00      5.4207E+00      7.5968E+01      1.0208E+02      1.0000E+00
      5.7562E+00      1.1937E+00      1.1480E+00      1.5072E+00      4.5884E+00      6.7945E+01      1.1196E+02      1.0000E+00
      4.8560E+00      1.1647E+00      1.0713E+00      1.3631E+00      4.0743E+00      7.3279E+01      1.0747E+02      1.0000E+00
      7.7072E+00      1.3413E+00      1.5920E+00      1.5326E+00      3.8800E+00      6.2832E+01      1.4057E+02      1.0000E+00
      3.4349E+00      1.4489E+00      1.1913E+00      1.7603E+00      2.3151E+00      6.3754E+01      1.2077E+02      1.0000E+00
      3.5955E+00      1.3867E+00      1.2016E+00      1.6937E+00      2.6627E+00      6.0851E+01      1.1931E+02      1.0000E+00
      8.7125E-01      1.2207E+00      1.1349E+00      1.4407E+00      6.9010E-01      6.7613E+01      1.1495E+02      1.0000E+00
      8.0369E-01      1.2726E+00      1.1866E+00      1.6352E+00      5.5925E-01      6.8483E+01      1.1794E+02      1.0000E+00
      7.1840E-01      1.1861E+00      1.1045E+00      1.4545E+00      4.8990E-01      7.7335E+01      1.1386E+02      1.0000E+00
      1.2713E+00      1.1799E+00      1.0530E+00      1.3454E+00      9.7923E-01      7.2006E+01      9.8566E+01      1.0000E+00
      9.2051E-01      1.3329E+00      1.1781E+00      1.7499E+00      6.2463E-01      6.8256E+01      1.1682E+02      1.0000E+00
      7.7882E-01      1.2667E+00      1.1239E+00      1.5404E+00      5.2522E-01      7.8099E+01      1.1605E+02      1.0000E+00
      1.2548E+00      1.0932E+00      1.0366E+00      1.2692E+00      1.1145E+00      8.0424E+01      9.7157E+01      1.0000E+00
      1.5714E+00      1.0423E+00      1.0098E+00      1.1241E+00      1.4648E+00      8.3868E+01      9.4410E+01      1.0000E+00
      1.8145E+00      1.0251E+00      1.0022E+00      1.0673E+00      1.7387E+00      8.8040E+01      9.3027E+01      1.0000E+00
      1.9597E+00      1.0295E+00      1.0043E+00      1.0651E+00      1.9373E+00      8.5973E+01      9.3924E+01      1.0000E+00
      1.6450E+00      1.2280E+00      1.0685E+00      1.3873E+00      1.2183E+00      7.9942E+01      1.1053E+02      1.0000E+00
      2.5473E+00      1.3678E+00      1.2658E+00      1.8865E+00      1.4709E+00      6.9180E+01      1.2339E+02      1.0000E+00
      3.4878E+00      1.1651E+00      1.1413E+00      1.2817E+00      2.8441E+00      6.7910E+01      1.1743E+02      1.0000E+00
      4.1918E+00      1.3477E+00      1.1312E+00      1.6317E+00      3.0083E+00      6.8447E+01      1.1559E+02      1.0000E+00
      4.7641E+00      1.2624E+00      1.1210E+00      1.4153E+00      3.7184E+00      6.8301E+01      1.1588E+02      1.0000E+00
      5.1464E+00      1.2986E+00      1.1713E+00      1.5047E+00      3.7715E+00      6.5969E+01      1.1980E+02      1.0000E+00
      5.4258E+00      1.2505E+00      1.1157E+00      1.4951E+00      3.8476E+00      7.4263E+01      1.1507E+02      1.0000E+00
      5.7267E+00      1.2790E+00      1.2091E+00      1.5582E+00      3.3434E+00      7.5404E+01      1.2385E+02      1.0000E+00
      1.2077E+01      1.1969E+00      1.0996E+00      1.4606E+00      9.8039E+00      7.0760E+01      1.0909E+02      1.0000E+00
      1.4443E+01      1.4473E+00      1.2621E+00      1.8429E+00      8.0898E+00      7.3066E+01      1.2621E+02      1.0000E+00
      1.1812E+01      1.3407E+00      1.1093E+00      1.5885E+00      7.8325E+00      6.5932E+01      1.0637E+02      1.0000E+00
      1.3239E+01      1.0661E+00      1.0396E+00      1.1063E+00      1.2242E+01      7.8147E+01      1.0556E+02      1.0000E+00
      1.0225E+01      1.1507E+00      1.0333E+00      1.2913E+00      8.5811E+00      8.0477E+01      9.9234E+01      1.0000E+00
      4.3979E+00      1.5294E+00      1.3201E+00      2.1175E+00      2.3672E+00      6.3949E+01      1.2665E+02      1.0000E+00
      2.6212E+00      1.3392E+00      1.1289E+00      1.4661E+00      1.9806E+00      7.2079E+01      1.1404E+02      1.0000E+00
      2.4489E+00      1.3267E+00      1.1685E+00      1.4309E+00      1.7774E+00      6.8277E+01      1.2106E+02      1.0000E+00
      3.5298E+00      1.5035E+00      1.1852E+00      1.9303E+00      2.2724E+00      6.5633E+01      1.1817E+02      1.0000E+00
      6.3797E+00      1.1481E+00      1.0585E+00      1.4188E+00      5.1265E+00      7.7264E+01      9.9685E+01      1.0000E+00
      3.6009E+00      1.3792E+00      1.1024E+00      1.7528E+00      2.5512E+00      7.2680E+01      1.0928E+02      1.0000E+00
      1.3899E+00      1.2869E+00      1.1687E+00      1.6652E+00      7.7501E-01      6.8285E+01      1.2036E+02      1.0000E+00
      1.2189E+00      1.2099E+00      1.1307E+00      1.4787E+00      8.9316E-01      7.2604E+01      1.1499E+02      1.0000E+00
      1.1179E+00      1.2748E+00      1.1583E+00      1.5014E+00      8.4859E-01      6.5938E+01      1.1771E+02      1.0000E+00
      1.0601E+00      1.2830E+00      1.1099E+00      1.4780E+00      8.4348E-01      6.7432E+01      1.1360E+02      1.0000E+00
      1.0006E+00      1.3221E+00      1.1177E+00      1.5427E+00      7.8308E-01      6.6769E+01      1.1273E+02      1.0000E+00
      9.2664E-01      1.3069E+00      1.1737E+00      1.4415E+00      7.2966E-01      5.8971E+01      1.1608E+02      1.0000E+00
      6.0447E-01      1.6576E+00      1.4311E+00      2.1903E+00      3.3207E-01      5.5271E+01      1.3151E+02      1.0000E+00
      3.4698E-01      1.1011E+00      1.0717E+00      1.1572E+00      3.0314E-01      7.4101E+01      1.1078E+02      1.0000E+00
      2.4842E-01      1.3134E+00      1.2046E+00      1.7294E+00      1.6450E-01      6.8240E+01      1.1908E+02      1.0000E+00
      1.9863E-01      1.1703E+00      1.0877E+00      1.3962E+00      1.4032E-01      7.8608E+01      1.1237E+02      1.0000E+00
      3.2855E-01      1.1778E+00      1.0498E+00      1.3286E+00      2.5262E-01      7.2544E+01      9.9308E+01      1.0000E+00
      2.2761E-01      1.3675E+00      1.1922E+00      1.7588E+00      1.5613E-01      6.5439E+01      1.1838E+02      1.0000E+00
      1.8668E-01      1.1962E+00      1.1046E+00      1.4140E+00      1.2872E-01      7.8844E+01      1.1468E+02      1.0000E+00
      2.9671E-01      1.1004E+00      1.0163E+00      1.2218E+00      2.5755E-01      8.3939E+01      9.9022E+01      1.0000E+00
      3.8847E-01      1.1475E+00      1.0570E+00      1.3392E+00      3.1536E-01      7.2039E+01      1.0196E+02      1.0000E+00
      2.3672E-01      1.4570E+00      1.1648E+00      1.8608E+00      1.6059E-01      6.5330E+01      1.1669E+02      1.0000E+00
      1.9099E-01      1.2612E+00      1.1480E+00      1.4657E+00      1.3244E-01      7.5950E+01      1.1882E+02      1.0000E+00
      2.9393E-01      1.1009E+00      1.0332E+00      1.2779E+00      2.6512E-01      8.3275E+01      9.4335E+01      1.0000E+00
      3.5086E-01      1.0537E+00      1.0113E+00      1.1398E+00      3.3231E-01      8.4464E+01      9.4233E+01      1.0000E+00
      3.8629E-01      1.0295E+00      1.0038E+00      1.0735E+00      3.7255E-01      8.5851E+01      9.2952E+01      1.0000E+00
      4.1054E-01      1.0145E+00      1.0010E+00      1.0361E+00      4.0048E-01      8.7502E+01      9.1510E+01      1.0000E+00
      4.2937E-01      1.0112E+00      1.0004E+00      1.0228E+00      4.2234E-01      8.9102E+01      9.1477E+01      1.0000E+00
      4.4953E-01      1.0117E+00      1.0021E+00      1.0230E+00      4.4407E-01      8.6291E+01      9.3147E+01      1.0000E+00
      4.6190E-01      1.0531E+00      1.0115E+00      1.1072E+00      4.4453E-01      8.4320E+01      9.7489E+01      1.0000E+00
      3.8326E-01      1.2286E+00      1.0700E+00      1.4111E+00      2.8949E-01      7.9547E+01      1.0850E+02      1.0000E+00
      6.2875E-01      1.3989E+00      1.3123E+00      2.0092E+00      3.5961E-01      6.6316E+01      1.2386E+02      1.0000E+00
      1.0975E+00      1.2039E+00      1.0571E+00      1.3499E+00      9.1537E-01      7.3138E+01      1.0094E+02      1.0000E+00
      7.0933E-01      1.2015E+00      1.1208E+00      1.4093E+00      5.0447E-01      8.0112E+01      1.1606E+02      1.0000E+00
      8.8314E-01      1.3752E+00      1.1846E+00      1.7777E+00      5.9751E-01      6.6360E+01      1.1797E+02      1.0000E+00
      1.2687E+00      1.1602E+00      1.0496E+00      1.3052E+00      9.8668E-01      7.2388E+01      9.8014E+01      1.0000E+00
      7.3552E-01      1.1872E+00      1.1006E+00      1.4233E+00      5.0550E-01      7.7944E+01      1.1399E+02      1.0000E+00
      8.3760E-01      1.3041E+00      1.1959E+00      1.6472E+00      5.8454E-01      6.6409E+01      1.1919E+02      1.0000E+00
      8.9875E-01      1.2556E+00      1.1407E+00      1.4750E+00      7.0109E-01      6.6633E+01      1.1593E+02      1.0000E+00
      9.2490E-01      1.2908E+00      1.1379E+00      1.5382E+00      7.1288E-01      6.6275E+01      1.1531E+02      1.0000E+00
      9.1659E-01      1.2964E+00      1.1421E+00      1.5669E+00      6.9657E-01      6.6454E+01      1.1535E+02      1.0000E+00
      4.8040E-02      1.5014E+00      1.3786E+00      2.5074E+00      2.2411E-02      6.2327E+01      1.2355E+02      1.0000E+00
      2.0587E-02      1.5764E+00      1.2451E+00      2.1215E+00      1.1201E-02      5.5731E+01      1.1238E+02      1.0000E+00
      1.4042E-02      1.2399E+00      1.1393E+00      1.4096E+00      1.0559E-02      6.1389E+01      1.0656E+02      1.0000E+00
      1.1105E-02      1.4131E+00      1.2103E+00      1.6376E+00      7.8649E-03      5.7010E+01      1.1593E+02      1.0000E+00
      1.0779E-02      1.5995E+00      1.2738E+00      1.9803E+00      6.6841E-03      5.5525E+01      1.1426E+02      1.0000E+00
      1.4452E-02      1.3633E+00      1.2936E+00      1.9005E+00      1.0278E-02      5.9916E+01      1.1028E+02      1.0000E+00
      2.1309E-02      1.9878E+00      1.7239E+00      3.1162E+00      9.8033E-03      4.0797E+01      1.1775E+02      1.0000E+00
      2.7960E-02      1.6593E+00      1.7505E+00      3.1119E+00      1.1566E-02      4.9245E+01      1.1504E+02      1.0000E+00
      1.2443E-02      1.4311E+00      1.2578E+00      1.9735E+00      7.2932E-03      7.0291E+01      1.1962E+02      1.0000E+00
      6.7545E-03      1.3256E+00      1.0967E+00      1.5034E+00      4.9793E-03      7.5750E+01      1.0871E+02      1.0000E+00
      8.5426E-03      1.5313E+00      1.2568E+00      1.8877E+00      5.6763E-03      5.5535E+01      1.2073E+02      1.0000E+00
      1.4762E-02      1.2404E+00      1.1784E+00      1.7525E+00      1.0697E-02      7.0754E+01      1.0949E+02      1.0000E+00
      1.5006E-02      1.2473E+00      1.1856E+00      1.7594E+00      1.0854E-02      6.9692E+01      1.1009E+02      1.0000E+00
      8.8813E-03      1.5217E+00      1.2508E+00      1.8929E+00      5.9455E-03      5.5875E+01      1.2117E+02      1.0000E+00
      7.3873E-03      1.3405E+00      1.0999E+00      1.5688E+00      5.1905E-03      7.2509E+01      1.0927E+02      1.0000E+00
      1.4769E-02      1.4935E+00      1.2690E+00      1.8613E+00      8.6809E-03      7.0919E+01      1.2499E+02      1.0000E+00
      3.5678E-02      1.6870E+00      1.5186E+00      2.5430E+00      1.5836E-02      5.9422E+01      1.2935E+02      1.0000E+00
      5.5465E-02      1.4507E+00      2.2560E+00      3.6859E+00      2.1435E-02      6.3428E+01      1.2443E+02      1.0000E+00
      3.3063E-02      1.7830E+00      1.5828E+00      2.7864E+00      1.7137E-02      4.7085E+01      1.1199E+02      1.0000E+00
      3.3067E-02      1.5438E+00      1.3333E+00      2.1555E+00      2.0243E-02      5.3059E+01      1.0853E+02      1.0000E+00
      9.7810E-01      1.1202E+00      1.0464E+00      1.3462E+00      8.1902E-01      8.1150E+01      9.8861E+01      1.0000E+00
      9.5635E-01      1.0763E+00      1.0331E+00      1.2709E+00      8.2930E-01      8.2674E+01      9.6881E+01      1.0000E+00
      1.1071E+00      1.2166E+00      1.1497E+00      1.6514E+00      7.8585E-01      6.8725E+01      1.0451E+02      1.0000E+00
      7.4899E-01      1.4670E+00      1.2084E+00      1.7174E+00      5.1161E-01      5.8659E+01      1.1353E+02      1.0000E+00
      7.4653E-01      1.4320E+00      1.1986E+00      1.6532E+00      5.2180E-01      5.8712E+01      1.1365E+02      1.0000E+00
      1.0751E+00      1.2480E+00      1.1152E+00      1.6282E+00      7.4423E-01      6.8303E+01      1.0311E+02      1.0000E+00
      8.9735E-01      1.1236E+00      1.0170E+00      1.2297E+00      7.6549E-01      8.2493E+01      9.9557E+01      1.0000E+00
      8.8690E-01      1.1422E+00      1.0193E+00      1.2271E+00      7.8011E-01      8.2661E+01      9.7081E+01      1.0000E+00
      1.0342E+00      1.3063E+00      1.0997E+00      1.6186E+00      7.3877E-01      6.7104E+01      1.0653E+02      1.0000E+00
      6.9971E-01      1.3643E+00      1.1478E+00      1.6996E+00      4.8097E-01      6.2054E+01      1.1069E+02      1.0000E+00
      6.8352E-01      1.3449E+00      1.1512E+00      1.6541E+00      4.8344E-01      6.1376E+01      1.1204E+02      1.0000E+00
      1.0358E+00      1.2662E+00      1.0773E+00      1.6014E+00      7.6388E-01      7.2643E+01      1.0348E+02      1.0000E+00
      9.5858E-01      1.1184E+00      1.0380E+00      1.2914E+00      8.3258E-01      7.8120E+01      1.0132E+02      1.0000E+00
      1.0165E+00      1.0874E+00      1.0104E+00      1.1957E+00      9.2475E-01      8.4333E+01      9.5532E+01      1.0000E+00
      1.1013E+00      1.2430E+00      1.0888E+00      1.5853E+00      8.0449E-01      7.1353E+01      1.0301E+02      1.0000E+00
      7.3654E-01      1.3815E+00      1.1672E+00      1.6007E+00      5.2814E-01      6.0849E+01      1.1239E+02      1.0000E+00
      7.6866E-01      1.4707E+00      1.2125E+00      1.7256E+00      5.1296E-01      5.7986E+01      1.1372E+02      1.0000E+00
      1.1359E+00      1.2298E+00      1.1519E+00      1.6609E+00      8.0023E-01      6.7695E+01      1.0514E+02      1.0000E+00
      9.6352E-01      1.0764E+00      1.0309E+00      1.2592E+00      8.3399E-01      8.1851E+01      9.6448E+01      1.0000E+00
      9.7946E-01      1.1152E+00      1.0422E+00      1.3298E+00      8.1777E-01      8.1328E+01      9.9471E+01      1.0000E+00
      1.2756E+00      1.3401E+00      1.2620E+00      1.9538E+00      8.0566E-01      6.2150E+01      1.0234E+02      1.0000E+00
      8.8362E-01      1.6774E+00      1.3618E+00      2.1112E+00      5.7931E-01      5.1076E+01      1.2103E+02      1.0000E+00
      8.7906E-01      1.6740E+00      1.3561E+00      2.1097E+00      5.7721E-01      5.1488E+01      1.2064E+02      1.0000E+00
      1.2684E+00      1.3396E+00      1.2654E+00      1.9568E+00      8.0639E-01      6.2203E+01      1.0280E+02      1.0000E+00
      5.3327E-02      1.4176E+00      1.1482E+00      1.8152E+00      3.2380E-02      6.2299E+01      1.0976E+02      1.0000E+00
      3.5001E-02      1.2586E+00      1.0840E+00      1.4438E+00      2.5218E-02      7.8273E+01      1.1150E+02      1.0000E+00
      2.7094E-02      1.1486E+00      1.0383E+00      1.3067E+00      2.3994E-02      8.6215E+01      9.9542E+01      1.0000E+00
      2.3978E-02      1.2513E+00      1.0781E+00      1.4952E+00      1.8210E-02      6.9431E+01      1.0515E+02      1.0000E+00
      1.7875E-02      1.2738E+00      1.1071E+00      1.5436E+00      1.0540E-02      6.6955E+01      1.1540E+02      1.0000E+00
      8.5014E-03      1.1883E+00      1.0945E+00      1.5441E+00      6.0411E-03      7.6762E+01      1.0899E+02      1.0000E+00
      1.0198E-02      1.3555E+00      1.2381E+00      1.8952E+00      6.9850E-03      6.3444E+01      1.1566E+02      1.0000E+00
      1.6608E-02      1.2815E+00      1.0908E+00      1.5001E+00      1.3055E-02      6.9283E+01      1.0898E+02      1.0000E+00
      1.5228E-02      1.1100E+00      1.0152E+00      1.1814E+00      1.3882E-02      8.2837E+01      9.7714E+01      1.0000E+00
      1.5629E-02      1.0795E+00      1.0207E+00      1.1813E+00      1.3579E-02      8.4361E+01      1.0096E+02      1.0000E+00
      1.8073E-02      1.1534E+00      1.0695E+00      1.4490E+00      1.3551E-02      7.5997E+01      1.0393E+02      1.0000E+00
      1.2609E-02      1.4188E+00      1.2244E+00      1.5434E+00      9.8289E-03      5.7081E+01      1.2342E+02      1.0000E+00
      1.3575E-02      1.6884E+00      1.3094E+00      1.8857E+00      9.3970E-03      6.0302E+01      1.1962E+02      1.0000E+00
      2.0680E-02      1.3558E+00      1.4362E+00      1.9891E+00      1.4087E-02      5.7073E+01      1.1983E+02      1.0000E+00
      1.3946E-02      1.3425E+00      1.1773E+00      1.4777E+00      1.1988E-02      6.0719E+01      1.1647E+02      1.0000E+00
      2.1276E-02      1.8294E+00      1.3958E+00      2.2093E+00      1.2102E-02      5.2180E+01      1.1959E+02      1.0000E+00
      4.6903E-02      1.1894E+00      1.3096E+00      1.6376E+00      3.1902E-02      6.7130E+01      1.2145E+02      1.0000E+00
      4.7403E-02      1.2940E+00      1.2346E+00      1.7552E+00      3.4972E-02      7.5993E+01      1.1572E+02      1.0000E+00
      5.4905E-02      1.4238E+00      1.3250E+00      2.0692E+00      3.7259E-02      7.7663E+01      1.1832E+02      1.0000E+00
      6.5884E-02      1.4536E+00      1.4968E+00      2.3515E+00      4.1860E-02      7.6227E+01      1.1991E+02      1.0000E+00
      7.4867E-02      1.3589E+00      1.5834E+00      2.3766E+00      4.6731E-02      6.7947E+01      1.1795E+02      1.0000E+00
      8.1942E-02      1.3411E+00      1.4615E+00      2.4833E+00      4.6038E-02      6.7708E+01      1.1007E+02      1.0000E+00
      4.1527E-02      1.7305E+00      1.3978E+00      2.1886E+00      2.3287E-02      4.7984E+01      1.1956E+02      1.0000E+00
      3.8264E-02      1.4061E+00      1.1971E+00      1.6423E+00      2.6441E-02      5.7910E+01      1.1307E+02      1.0000E+00
      1.4134E+01      1.1306E+00      1.0539E+00      1.2106E+00      1.2188E+01      7.1735E+01      1.0247E+02      1.0000E+00
      2.0811E-01      1.3215E+00      1.3243E+00      1.9425E+00      1.3847E-01      6.0958E+01      1.1640E+02      1.0000E+00
      5.3417E-02      1.3154E+00      1.1639E+00      1.6792E+00      3.5328E-02      5.9811E+01      1.0700E+02      1.0000E+00
