  
 ------------------------
 2D Mesh Quality Measures
 ------------------------
  
Signed Area     Aspect Ratio    Condition       Edge Ratio      Jacobian        Minimum Angle   Maximum Angle   Area Sign       
      6.0842E-02      1.0249E+00      1.0023E+00      1.0634E+00      5.9575E-02      8.7941E+01      9.1610E+01      1.0000E+00
      6.1270E-02      1.0128E+00      1.0005E+00      1.0323E+00      6.0779E-02      8.9544E+01      9.0444E+01      1.0000E+00
      6.2020E-02      1.0050E+00      1.0001E+00      1.0114E+00      6.1905E-02      8.9740E+01      9.0289E+01      1.0000E+00
      6.2396E-02      1.0015E+00      1.0000E+00      1.0028E+00      6.2381E-02      8.9887E+01      9.0117E+01      1.0000E+00
      6.2486E-02      1.0004E+00      1.0000E+00      1.0007E+00      6.2474E-02      8.9954E+01      9.0036E+01      1.0000E+00
      6.2497E-02      1.0001E+00      1.0000E+00      1.0002E+00      6.2493E-02      8.9987E+01      9.0010E+01      1.0000E+00
      6.2498E-02      1.0000E+00      1.0000E+00      1.0001E+00      6.2497E-02      8.9996E+01      9.0003E+01      1.0000E+00
      6.2499E-02      1.0000E+00      1.0000E+00      1.0000E+00      6.2499E-02      8.9999E+01      9.0001E+01      1.0000E+00
      6.2500E-02      1.0000E+00      1.0000E+00      1.0000E+00      6.2499E-02      8.9999E+01      9.0001E+01      1.0000E+00
      6.2500E-02      1.0000E+00      1.0000E+00      1.0000E+00      6.2500E-02      9.0000E+01      9.0000E+01      1.0000E+00
      6.2500E-02      1.0000E+00      1.0000E+00      1.0000E+00      6.2500E-02      9.0000E+01      9.0000E+01      1.0000E+00
      6.2500E-02      1.0000E+00      1.0000E+00      1.0000E+00      6.2500E-02      9.0000E+01      9.0000E+01      1.0000E+00
      6.2500E-02      1.0000E+00      1.0000E+00      1.0000E+00      6.2500E-02      9.0000E+01      9.0000E+01      1.0000E+00
      6.2500E-02      1.0000E+00      1.0000E+00      1.0000E+00      6.2500E-02      9.0000E+01      9.0000E+01      1.0000E+00
      6.2500E-02      1.0000E+00      1.0000E+00      1.0000E+00      6.2500E-02      9.0000E+01      9.0000E+01      1.0000E+00
      6.2500E-02      1.0000E+00      1.0000E+00      1.0000E+00      6.2500E-02      9.0000E+01      9.0000E+01      1.0000E+00
      6.2500E-02      1.0000E+00      1.0000E+00      1.0000E+00      6.2500E-02      9.0000E+01      9.0000E+01      1.0000E+00
      6.2500E-02      1.0000E+00      1.0000E+00      1.0000E+00      6.2500E-02      9.0000E+01      9.0000E+01      1.0000E+00
      6.2500E-02      1.0000E+00      1.0000E+00      1.0000E+00      6.2500E-02      9.0000E+01      9.0000E+01      1.0000E+00
      6.2500E-02      1.0000E+00      1.0000E+00      1.0000E+00      6.2500E-02      9.0000E+01      9.0000E+01      1.0000E+00
      6.2500E-02      1.0000E+00      1.0000E+00      1.0000E+00      6.2500E-02      9.0000E+01      9.0000E+01      1.0000E+00
      6.2500E-02      1.0000E+00      1.0000E+00      1.0000E+00      6.2499E-02      9.0000E+01      9.0000E+01      1.0000E+00
      6.2499E-02      1.0000E+00      1.0000E+00      1.0000E+00      6.2499E-02      8.9999E+01      9.0001E+01      1.0000E+00
      6.2498E-02      1.0000E+00      1.0000E+00      1.0001E+00      6.2497E-02      8.9996E+01      9.0003E+01      1.0000E+00
      6.2497E-02      1.0001E+00      1.0000E+00      1.0002E+00      6.2493E-02      8.9987E+01      9.0010E+01      1.0000E+00
      6.2486E-02      1.0004E+00      1.0000E+00      1.0007E+00      6.2474E-02      8.9954E+01      9.0036E+01      1.0000E+00
      6.2396E-02      1.0015E+00      1.0000E+00      1.0028E+00      6.2381E-02      8.9887E+01      9.0117E+01      1.0000E+00
      6.2020E-02      1.0050E+00      1.0001E+00      1.0114E+00      6.1905E-02      8.9740E+01      9.0289E+01      1.0000E+00
      6.1270E-02      1.0128E+00      1.0005E+00      1.0323E+00      6.0779E-02      8.9544E+01      9.0444E+01      1.0000E+00
      6.0842E-02      1.0249E+00      1.0023E+00      1.0634E+00      5.9575E-02      8.7941E+01      9.1610E+01      1.0000E+00
      5.6717E-02      1.0369E+00      1.0056E+00      1.1017E+00      5.4799E-02      8.7304E+01      9.3189E+01      1.0000E+00
      5.9728E-02      1.0206E+00      1.0010E+00      1.0447E+00      5.8897E-02      8.9172E+01      9.0755E+01      1.0000E+00
      6.1834E-02      1.0062E+00      1.0001E+00      1.0111E+00      6.1712E-02      8.9548E+01      9.0490E+01      1.0000E+00
      6.2473E-02      1.0010E+00      1.0000E+00      1.0029E+00      6.2394E-02      8.9705E+01      9.0277E+01      1.0000E+00
      6.2525E-02      1.0003E+00      1.0000E+00      1.0007E+00      6.2492E-02      8.9901E+01      9.0080E+01      1.0000E+00
      6.2508E-02      1.0001E+00      1.0000E+00      1.0002E+00      6.2499E-02      8.9977E+01      9.0017E+01      1.0000E+00
      6.2501E-02      1.0000E+00      1.0000E+00      1.0000E+00      6.2499E-02      8.9995E+01      9.0003E+01      1.0000E+00
      6.2500E-02      1.0000E+00      1.0000E+00      1.0000E+00      6.2500E-02      8.9999E+01      9.0001E+01      1.0000E+00
      6.2500E-02      1.0000E+00      1.0000E+00      1.0000E+00      6.2500E-02      9.0000E+01      9.0000E+01      1.0000E+00
      6.2500E-02      1.0000E+00      1.0000E+00      1.0000E+00      6.2500E-02      9.0000E+01      9.0000E+01      1.0000E+00
      6.2500E-02      1.0000E+00      1.0000E+00      1.0000E+00      6.2500E-02      9.0000E+01      9.0000E+01      1.0000E+00
      6.2500E-02      1.0000E+00      1.0000E+00      1.0000E+00      6.2500E-02      9.0000E+01      9.0000E+01      1.0000E+00
      6.2500E-02      1.0000E+00      1.0000E+00      1.0000E+00      6.2500E-02      9.0000E+01      9.0000E+01      1.0000E+00
      6.2500E-02      1.0000E+00      1.0000E+00      1.0000E+00      6.2500E-02      9.0000E+01      9.0000E+01      1.0000E+00
      6.2500E-02      1.0000E+00      1.0000E+00      1.0000E+00      6.2500E-02      9.0000E+01      9.0000E+01      1.0000E+00
      6.2500E-02      1.0000E+00      1.0000E+00      1.0000E+00      6.2500E-02      9.0000E+01      9.0000E+01      1.0000E+00
      6.2500E-02      1.0000E+00      1.0000E+00      1.0000E+00      6.2500E-02      9.0000E+01      9.0000E+01      1.0000E+00
      6.2500E-02      1.0000E+00      1.0000E+00      1.0000E+00      6.2500E-02      9.0000E+01      9.0000E+01      1.0000E+00
      6.2500E-02      1.0000E+00      1.0000E+00      1.0000E+00      6.2500E-02      9.0000E+01      9.0000E+01      1.0000E+00
      6.2500E-02      1.0000E+00      1.0000E+00      1.0000E+00      6.2500E-02      9.0000E+01      9.0000E+01      1.0000E+00
      6.2500E-02      1.0000E+00      1.0000E+00      1.0000E+00      6.2500E-02      9.0000E+01      9.0000E+01      1.0000E+00
      6.2500E-02      1.0000E+00      1.0000E+00      1.0000E+00      6.2500E-02      9.0000E+01      9.0000E+01      1.0000E+00
      6.2500E-02      1.0000E+00      1.0000E+00      1.0000E+00      6.2500E-02      8.9999E+01      9.0001E+01      1.0000E+00
      6.2501E-02      1.0000E+00      1.0000E+00      1.0000E+00      6.2499E-02      8.9995E+01      9.0003E+01      1.0000E+00
      6.2508E-02      1.0001E+00      1.0000E+00      1.0002E+00      6.2499E-02      8.9977E+01      9.0017E+01      1.0000E+00
      6.2525E-02      1.0003E+00      1.0000E+00      1.0007E+00      6.2492E-02      8.9901E+01      9.0080E+01      1.0000E+00
      6.2473E-02      1.0010E+00      1.0000E+00      1.0029E+00      6.2394E-02      8.9705E+01      9.0277E+01      1.0000E+00
      6.1834E-02      1.0062E+00      1.0001E+00      1.0111E+00      6.1712E-02      8.9548E+01      9.0490E+01      1.0000E+00
      5.9728E-02      1.0206E+00      1.0010E+00      1.0447E+00      5.8897E-02      8.9172E+01      9.0755E+01      1.0000E+00
      5.6717E-02      1.0369E+00      1.0056E+00      1.1017E+00      5.4799E-02      8.7304E+01      9.3189E+01      1.0000E+00
      5.0398E-02      1.0829E+00      1.0154E+00      1.1872E+00      4.6505E-02      8.6871E+01      9.6906E+01      1.0000E+00
      5.8807E-02      1.0354E+00      1.0015E+00      1.0550E+00      5.7701E-02      8.8794E+01      9.1026E+01      1.0000E+00
      6.2600E-02      1.0051E+00      1.0004E+00      1.0155E+00      6.2095E-02      8.8642E+01      9.1313E+01      1.0000E+00
      6.2773E-02      1.0023E+00      1.0001E+00      1.0044E+00      6.2576E-02      8.9425E+01      9.0468E+01      1.0000E+00
      6.2617E-02      1.0009E+00      1.0000E+00      1.0015E+00      6.2549E-02      8.9807E+01      9.0144E+01      1.0000E+00
      6.2531E-02      1.0002E+00      1.0000E+00      1.0004E+00      6.2512E-02      8.9951E+01      9.0034E+01      1.0000E+00
      6.2505E-02      1.0000E+00      1.0000E+00      1.0001E+00      6.2502E-02      8.9991E+01      9.0006E+01      1.0000E+00
      6.2501E-02      1.0000E+00      1.0000E+00      1.0000E+00      6.2500E-02      8.9999E+01      9.0001E+01      1.0000E+00
      6.2500E-02      1.0000E+00      1.0000E+00      1.0000E+00      6.2500E-02      9.0000E+01      9.0000E+01      1.0000E+00
      6.2500E-02      1.0000E+00      1.0000E+00      1.0000E+00      6.2500E-02      9.0000E+01      9.0000E+01      1.0000E+00
      6.2500E-02      1.0000E+00      1.0000E+00      1.0000E+00      6.2500E-02      9.0000E+01      9.0000E+01      1.0000E+00
      6.2500E-02      1.0000E+00      1.0000E+00      1.0000E+00      6.2500E-02      9.0000E+01      9.0000E+01      1.0000E+00
      6.2500E-02      1.0000E+00      1.0000E+00      1.0000E+00      6.2500E-02      9.0000E+01      9.0000E+01      1.0000E+00
      6.2500E-02      1.0000E+00      1.0000E+00      1.0000E+00      6.2500E-02      9.0000E+01      9.0000E+01      1.0000E+00
      6.2500E-02      1.0000E+00      1.0000E+00      1.0000E+00      6.2500E-02      9.0000E+01      9.0000E+01      1.0000E+00
      6.2500E-02      1.0000E+00      1.0000E+00      1.0000E+00      6.2500E-02      9.0000E+01      9.0000E+01      1.0000E+00
      6.2500E-02      1.0000E+00      1.0000E+00      1.0000E+00      6.2500E-02      9.0000E+01      9.0000E+01      1.0000E+00
      6.2500E-02      1.0000E+00      1.0000E+00      1.0000E+00      6.2500E-02      9.0000E+01      9.0000E+01      1.0000E+00
      6.2500E-02      1.0000E+00      1.0000E+00      1.0000E+00      6.2500E-02      9.0000E+01      9.0000E+01      1.0000E+00
      6.2500E-02      1.0000E+00      1.0000E+00      1.0000E+00      6.2500E-02      9.0000E+01      9.0000E+01      1.0000E+00
      6.2500E-02      1.0000E+00      1.0000E+00      1.0000E+00      6.2500E-02      9.0000E+01      9.0000E+01      1.0000E+00
      6.2500E-02      1.0000E+00      1.0000E+00      1.0000E+00      6.2500E-02      9.0000E+01      9.0000E+01      1.0000E+00
      6.2501E-02      1.0000E+00      1.0000E+00      1.0000E+00      6.2500E-02      8.9999E+01      9.0001E+01      1.0000E+00
      6.2505E-02      1.0000E+00      1.0000E+00      1.0001E+00      6.2502E-02      8.9991E+01      9.0006E+01      1.0000E+00
      6.2531E-02      1.0002E+00      1.0000E+00      1.0004E+00      6.2512E-02      8.9951E+01      9.0034E+01      1.0000E+00
      6.2617E-02      1.0009E+00      1.0000E+00      1.0015E+00      6.2549E-02      8.9807E+01      9.0144E+01      1.0000E+00
      6.2773E-02      1.0023E+00      1.0001E+00      1.0044E+00      6.2576E-02      8.9425E+01      9.0468E+01      1.0000E+00
      6.2600E-02      1.0051E+00      1.0004E+00      1.0155E+00      6.2095E-02      8.8642E+01      9.1313E+01      1.0000E+00
      5.8807E-02      1.0354E+00      1.0015E+00      1.0550E+00      5.7701E-02      8.8794E+01      9.1026E+01      1.0000E+00
      5.0398E-02      1.0829E+00      1.0154E+00      1.1872E+00      4.6505E-02      8.6871E+01      9.6907E+01      1.0000E+00
      4.0055E-02      1.4000E+00      1.2601E+00      1.6494E+00      2.5341E-02      6.3996E+01      1.2649E+02      1.0000E+00
      6.7334E-02      1.0838E+00      1.0186E+00      1.1776E+00      6.0330E-02      7.9245E+01      9.7903E+01      1.0000E+00
      6.3795E-02      1.0054E+00      1.0004E+00      1.0099E+00      6.3221E-02      8.8404E+01      9.1113E+01      1.0000E+00
      6.3178E-02      1.0035E+00      1.0001E+00      1.0063E+00      6.2945E-02      8.9171E+01      9.0657E+01      1.0000E+00
      6.2792E-02      1.0019E+00      1.0000E+00      1.0035E+00      6.2658E-02      8.9614E+01      9.0278E+01      1.0000E+00
      6.2578E-02      1.0005E+00      1.0000E+00      1.0010E+00      6.2539E-02      8.9895E+01      9.0071E+01      1.0000E+00
      6.2515E-02      1.0001E+00      1.0000E+00      1.0002E+00      6.2507E-02      8.9979E+01      9.0014E+01      1.0000E+00
      6.2502E-02      1.0000E+00      1.0000E+00      1.0000E+00      6.2501E-02      8.9997E+01      9.0002E+01      1.0000E+00
      6.2500E-02      1.0000E+00      1.0000E+00      1.0000E+00      6.2500E-02      8.9999E+01      9.0000E+01      1.0000E+00
      6.2500E-02      1.0000E+00      1.0000E+00      1.0000E+00      6.2500E-02      9.0000E+01      9.0000E+01      1.0000E+00
      6.2500E-02      1.0000E+00      1.0000E+00      1.0000E+00      6.2500E-02      9.0000E+01      9.0000E+01      1.0000E+00
      6.2500E-02      1.0000E+00      1.0000E+00      1.0000E+00      6.2500E-02      9.0000E+01      9.0000E+01      1.0000E+00
      6.2500E-02      1.0000E+00      1.0000E+00      1.0000E+00      6.2500E-02      9.0000E+01      9.0000E+01      1.0000E+00
      6.2500E-02      1.0000E+00      1.0000E+00      1.0000E+00      6.2500E-02      9.0000E+01      9.0000E+01      1.0000E+00
      6.2500E-02      1.0000E+00      1.0000E+00      1.0000E+00      6.2500E-02      9.0000E+01      9.0000E+01      1.0000E+00
      6.2500E-02      1.0000E+00      1.0000E+00      1.0000E+00      6.2500E-02      9.0000E+01      9.0000E+01      1.0000E+00
      6.2500E-02      1.0000E+00      1.0000E+00      1.0000E+00      6.2500E-02      9.0000E+01      9.0000E+01      1.0000E+00
      6.2500E-02      1.0000E+00      1.0000E+00      1.0000E+00      6.2500E-02      9.0000E+01      9.0000E+01      1.0000E+00
      6.2500E-02      1.0000E+00      1.0000E+00      1.0000E+00      6.2500E-02      9.0000E+01      9.0000E+01      1.0000E+00
      6.2500E-02      1.0000E+00      1.0000E+00      1.0000E+00      6.2500E-02      9.0000E+01      9.0000E+01      1.0000E+00
      6.2500E-02      1.0000E+00      1.0000E+00      1.0000E+00      6.2500E-02      9.0000E+01      9.0000E+01      1.0000E+00
      6.2500E-02      1.0000E+00      1.0000E+00      1.0000E+00      6.2500E-02      8.9999E+01      9.0000E+01      1.0000E+00
      6.2502E-02      1.0000E+00      1.0000E+00      1.0000E+00      6.2501E-02      8.9997E+01      9.0002E+01      1.0000E+00
      6.2515E-02      1.0001E+00      1.0000E+00      1.0002E+00      6.2507E-02      8.9979E+01      9.0014E+01      1.0000E+00
      6.2578E-02      1.0005E+00      1.0000E+00      1.0010E+00      6.2539E-02      8.9895E+01      9.0071E+01      1.0000E+00
      6.2792E-02      1.0019E+00      1.0000E+00      1.0035E+00      6.2658E-02      8.9614E+01      9.0278E+01      1.0000E+00
      6.3178E-02      1.0035E+00      1.0001E+00      1.0063E+00      6.2945E-02      8.9171E+01      9.0657E+01      1.0000E+00
      6.3795E-02      1.0054E+00      1.0004E+00      1.0099E+00      6.3221E-02      8.8404E+01      9.1113E+01      1.0000E+00
      6.7334E-02      1.0838E+00      1.0186E+00      1.1776E+00      6.0330E-02      7.9245E+01      9.7903E+01      1.0000E+00
      4.0055E-02      1.4000E+00      1.2601E+00      1.6494E+00      2.5341E-02      6.3996E+01      1.2649E+02      1.0000E+00
      6.4393E-02      1.1092E+00      1.0272E+00      1.2515E+00      5.5963E-02      7.8502E+01      9.9053E+01      1.0000E+00
      6.3450E-02      1.0081E+00      1.0004E+00      1.0153E+00      6.2619E-02      8.8481E+01      9.0881E+01      1.0000E+00
      6.3968E-02      1.0089E+00      1.0005E+00      1.0158E+00      6.3353E-02      8.8248E+01      9.1301E+01      1.0000E+00
      6.3051E-02      1.0029E+00      1.0001E+00      1.0059E+00      6.2852E-02      8.9357E+01      9.0469E+01      1.0000E+00
      6.2658E-02      1.0008E+00      1.0000E+00      1.0017E+00      6.2595E-02      8.9803E+01      9.0141E+01      1.0000E+00
      6.2539E-02      1.0002E+00      1.0000E+00      1.0004E+00      6.2520E-02      8.9948E+01      9.0035E+01      1.0000E+00
      6.2508E-02      1.0000E+00      1.0000E+00      1.0001E+00      6.2503E-02      8.9988E+01      9.0008E+01      1.0000E+00
      6.2502E-02      1.0000E+00      1.0000E+00      1.0000E+00      6.2501E-02      8.9997E+01      9.0002E+01      1.0000E+00
      6.2500E-02      1.0000E+00      1.0000E+00      1.0000E+00      6.2500E-02      9.0000E+01      9.0000E+01      1.0000E+00
      6.2500E-02      1.0000E+00      1.0000E+00      1.0000E+00      6.2500E-02      9.0000E+01      9.0000E+01      1.0000E+00
      6.2500E-02      1.0000E+00      1.0000E+00      1.0000E+00      6.2500E-02      9.0000E+01      9.0000E+01      1.0000E+00
      6.2500E-02      1.0000E+00      1.0000E+00      1.0000E+00      6.2500E-02      9.0000E+01      9.0000E+01      1.0000E+00
      6.2500E-02      1.0000E+00      1.0000E+00      1.0000E+00      6.2500E-02      9.0000E+01      9.0000E+01      1.0000E+00
      6.2500E-02      1.0000E+00      1.0000E+00      1.0000E+00      6.2500E-02      9.0000E+01      9.0000E+01      1.0000E+00
      6.2500E-02      1.0000E+00      1.0000E+00      1.0000E+00      6.2500E-02      9.0000E+01      9.0000E+01      1.0000E+00
      6.2500E-02      1.0000E+00      1.0000E+00      1.0000E+00      6.2500E-02      9.0000E+01      9.0000E+01      1.0000E+00
      6.2500E-02      1.0000E+00      1.0000E+00      1.0000E+00      6.2500E-02      9.0000E+01      9.0000E+01      1.0000E+00
      6.2500E-02      1.0000E+00      1.0000E+00      1.0000E+00      6.2500E-02      9.0000E+01      9.0000E+01      1.0000E+00
      6.2500E-02      1.0000E+00      1.0000E+00      1.0000E+00      6.2500E-02      9.0000E+01      9.0000E+01      1.0000E+00
      6.2500E-02      1.0000E+00      1.0000E+00      1.0000E+00      6.2500E-02      9.0000E+01      9.0000E+01      1.0000E+00
      6.2502E-02      1.0000E+00      1.0000E+00      1.0000E+00      6.2501E-02      8.9997E+01      9.0002E+01      1.0000E+00
      6.2508E-02      1.0000E+00      1.0000E+00      1.0001E+00      6.2503E-02      8.9988E+01      9.0008E+01      1.0000E+00
      6.2539E-02      1.0002E+00      1.0000E+00      1.0004E+00      6.2520E-02      8.9948E+01      9.0035E+01      1.0000E+00
      6.2658E-02      1.0008E+00      1.0000E+00      1.0017E+00      6.2595E-02      8.9803E+01      9.0141E+01      1.0000E+00
      6.3051E-02      1.0029E+00      1.0001E+00      1.0059E+00      6.2852E-02      8.9357E+01      9.0469E+01      1.0000E+00
      6.3968E-02      1.0089E+00      1.0005E+00      1.0158E+00      6.3353E-02      8.8248E+01      9.1301E+01      1.0000E+00
      6.3450E-02      1.0081E+00      1.0004E+00      1.0153E+00      6.2619E-02      8.8481E+01      9.0881E+01      1.0000E+00
      6.4393E-02      1.1092E+00      1.0272E+00      1.2515E+00      5.5963E-02      7.8502E+01      9.9053E+01      1.0000E+00
      4.3093E-02      1.3665E+00      1.2604E+00      1.6952E+00      2.5775E-02      6.7531E+01      1.2606E+02      1.0000E+00
      7.0355E-02      1.0841E+00      1.0203E+00      1.1452E+00      6.3534E-02      7.8786E+01      9.7553E+01      1.0000E+00
      6.4411E-02      1.0055E+00      1.0005E+00      1.0151E+00      6.4013E-02      8.8431E+01      9.1663E+01      1.0000E+00
      6.3231E-02      1.0021E+00      1.0001E+00      1.0051E+00      6.3132E-02      8.9262E+01      9.0702E+01      1.0000E+00
      6.2812E-02      1.0014E+00      1.0000E+00      1.0027E+00      6.2706E-02      8.9616E+01      9.0289E+01      1.0000E+00
      6.2609E-02      1.0005E+00      1.0000E+00      1.0010E+00      6.2557E-02      8.9854E+01      9.0101E+01      1.0000E+00
      6.2532E-02      1.0002E+00      1.0000E+00      1.0003E+00      6.2514E-02      8.9954E+01      9.0029E+01      1.0000E+00
      6.2508E-02      1.0000E+00      1.0000E+00      1.0001E+00      6.2503E-02      8.9988E+01      9.0007E+01      1.0000E+00
      6.2502E-02      1.0000E+00      1.0000E+00      1.0000E+00      6.2501E-02      8.9997E+01      9.0002E+01      1.0000E+00
      6.2500E-02      1.0000E+00      1.0000E+00      1.0000E+00      6.2500E-02      8.9999E+01      9.0000E+01      1.0000E+00
      6.2500E-02      1.0000E+00      1.0000E+00      1.0000E+00      6.2500E-02      9.0000E+01      9.0000E+01      1.0000E+00
      6.2500E-02      1.0000E+00      1.0000E+00      1.0000E+00      6.2500E-02      9.0000E+01      9.0000E+01      1.0000E+00
      6.2500E-02      1.0000E+00      1.0000E+00      1.0000E+00      6.2500E-02      9.0000E+01      9.0000E+01      1.0000E+00
      6.2500E-02      1.0000E+00      1.0000E+00      1.0000E+00      6.2500E-02      9.0000E+01      9.0000E+01      1.0000E+00
      6.2500E-02      1.0000E+00      1.0000E+00      1.0000E+00      6.2500E-02      9.0000E+01      9.0000E+01      1.0000E+00
      6.2500E-02      1.0000E+00      1.0000E+00      1.0000E+00      6.2500E-02      9.0000E+01      9.0000E+01      1.0000E+00
      6.2500E-02      1.0000E+00      1.0000E+00      1.0000E+00      6.2500E-02      9.0000E+01      9.0000E+01      1.0000E+00
      6.2500E-02      1.0000E+00      1.0000E+00      1.0000E+00      6.2500E-02      9.0000E+01      9.0000E+01      1.0000E+00
      6.2500E-02      1.0000E+00      1.0000E+00      1.0000E+00      6.2500E-02      8.9999E+01      9.0000E+01      1.0000E+00
      6.2502E-02      1.0000E+00      1.0000E+00      1.0000E+00      6.2501E-02      8.9997E+01      9.0002E+01      1.0000E+00
      6.2508E-02      1.0000E+00      1.0000E+00      1.0001E+00      6.2503E-02      8.9988E+01      9.0007E+01      1.0000E+00
      6.2532E-02      1.0002E+00      1.0000E+00      1.0003E+00      6.2514E-02      8.9954E+01      9.0029E+01      1.0000E+00
      6.2609E-02      1.0005E+00      1.0000E+00      1.0010E+00      6.2557E-02      8.9854E+01      9.0101E+01      1.0000E+00
      6.2812E-02      1.0014E+00      1.0000E+00      1.0027E+00      6.2706E-02      8.9616E+01      9.0289E+01      1.0000E+00
      6.3231E-02      1.0021E+00      1.0001E+00      1.0051E+00      6.3132E-02      8.9262E+01      9.0702E+01      1.0000E+00
      6.4411E-02      1.0055E+00      1.0005E+00      1.0151E+00      6.4013E-02      8.8431E+01      9.1663E+01      1.0000E+00
      7.0355E-02      1.0841E+00      1.0203E+00      1.1452E+00      6.3534E-02      7.8786E+01      9.7553E+01      1.0000E+00
      4.3093E-02      1.3665E+00      1.2604E+00      1.6952E+00      2.5775E-02      6.7531E+01      1.2606E+02      1.0000E+00
      6.3225E-02      1.1460E+00      1.0338E+00      1.3056E+00      5.4019E-02      7.7143E+01      1.0122E+02      1.0000E+00
      6.2401E-02      1.0201E+00      1.0007E+00      1.0366E+00      6.0654E-02      8.7941E+01      9.1152E+01      1.0000E+00
      6.3528E-02      1.0031E+00      1.0002E+00      1.0050E+00      6.3382E-02      8.8787E+01      9.1134E+01      1.0000E+00
      6.3158E-02      1.0023E+00      1.0001E+00      1.0040E+00      6.2961E-02      8.9217E+01      9.0631E+01      1.0000E+00
      6.2813E-02      1.0013E+00      1.0000E+00      1.0024E+00      6.2670E-02      8.9589E+01      9.0286E+01      1.0000E+00
      6.2609E-02      1.0005E+00      1.0000E+00      1.0009E+00      6.2552E-02      8.9849E+01      9.0098E+01      1.0000E+00
      6.2532E-02      1.0002E+00      1.0000E+00      1.0003E+00      6.2514E-02      8.9954E+01      9.0029E+01      1.0000E+00
      6.2508E-02      1.0000E+00      1.0000E+00      1.0001E+00      6.2503E-02      8.9988E+01      9.0008E+01      1.0000E+00
      6.2502E-02      1.0000E+00      1.0000E+00      1.0000E+00      6.2501E-02      8.9997E+01      9.0002E+01      1.0000E+00
      6.2501E-02      1.0000E+00      1.0000E+00      1.0000E+00      6.2500E-02      8.9999E+01      9.0001E+01      1.0000E+00
      6.2500E-02      1.0000E+00      1.0000E+00      1.0000E+00      6.2500E-02      9.0000E+01      9.0000E+01      1.0000E+00
      6.2500E-02      1.0000E+00      1.0000E+00      1.0000E+00      6.2500E-02      9.0000E+01      9.0000E+01      1.0000E+00
      6.2500E-02      1.0000E+00      1.0000E+00      1.0000E+00      6.2500E-02      9.0000E+01      9.0000E+01      1.0000E+00
      6.2500E-02      1.0000E+00      1.0000E+00      1.0000E+00      6.2500E-02      9.0000E+01      9.0000E+01      1.0000E+00
      6.2500E-02      1.0000E+00      1.0000E+00      1.0000E+00      6.2500E-02      9.0000E+01      9.0000E+01      1.0000E+00
      6.2500E-02      1.0000E+00      1.0000E+00      1.0000E+00      6.2500E-02      9.0000E+01      9.0000E+01      1.0000E+00
      6.2501E-02      1.0000E+00      1.0000E+00      1.0000E+00      6.2500E-02      8.9999E+01      9.0001E+01      1.0000E+00
      6.2502E-02      1.0000E+00      1.0000E+00      1.0000E+00      6.2501E-02      8.9997E+01      9.0002E+01      1.0000E+00
      6.2508E-02      1.0000E+00      1.0000E+00      1.0001E+00      6.2503E-02      8.9988E+01      9.0008E+01      1.0000E+00
      6.2532E-02      1.0002E+00      1.0000E+00      1.0003E+00      6.2514E-02      8.9954E+01      9.0029E+01      1.0000E+00
      6.2609E-02      1.0005E+00      1.0000E+00      1.0009E+00      6.2552E-02      8.9849E+01      9.0098E+01      1.0000E+00
      6.2813E-02      1.0013E+00      1.0000E+00      1.0024E+00      6.2670E-02      8.9589E+01      9.0286E+01      1.0000E+00
      6.3158E-02      1.0023E+00      1.0001E+00      1.0040E+00      6.2961E-02      8.9217E+01      9.0631E+01      1.0000E+00
      6.3528E-02      1.0031E+00      1.0002E+00      1.0050E+00      6.3382E-02      8.8787E+01      9.1134E+01      1.0000E+00
      6.2401E-02      1.0201E+00      1.0007E+00      1.0366E+00      6.0654E-02      8.7941E+01      9.1152E+01      1.0000E+00
      6.3225E-02      1.1460E+00      1.0338E+00      1.3056E+00      5.4019E-02      7.7143E+01      1.0122E+02      1.0000E+00
      3.9433E-02      1.3530E+00      1.2965E+00      1.6709E+00      2.2805E-02      6.7671E+01      1.2833E+02      1.0000E+00
      6.5039E-02      1.0393E+00      1.0074E+00      1.0765E+00      6.1838E-02      8.3128E+01      9.5342E+01      1.0000E+00
      6.3862E-02      1.0056E+00      1.0004E+00      1.0098E+00      6.3513E-02      8.8374E+01      9.1557E+01      1.0000E+00
      6.4048E-02      1.0054E+00      1.0005E+00      1.0101E+00      6.3482E-02      8.8173E+01      9.1380E+01      1.0000E+00
      6.3250E-02      1.0023E+00      1.0001E+00      1.0044E+00      6.2973E-02      8.9099E+01      9.0650E+01      1.0000E+00
      6.2813E-02      1.0013E+00      1.0000E+00      1.0024E+00      6.2670E-02      8.9589E+01      9.0286E+01      1.0000E+00
      6.2609E-02      1.0005E+00      1.0000E+00      1.0010E+00      6.2557E-02      8.9854E+01      9.0101E+01      1.0000E+00
      6.2539E-02      1.0002E+00      1.0000E+00      1.0004E+00      6.2520E-02      8.9948E+01      9.0035E+01      1.0000E+00
      6.2515E-02      1.0001E+00      1.0000E+00      1.0002E+00      6.2507E-02      8.9979E+01      9.0013E+01      1.0000E+00
      6.2506E-02      1.0000E+00      1.0000E+00      1.0001E+00      6.2502E-02      8.9992E+01      9.0005E+01      1.0000E+00
      6.2502E-02      1.0000E+00      1.0000E+00      1.0000E+00      6.2501E-02      8.9997E+01      9.0002E+01      1.0000E+00
      6.2501E-02      1.0000E+00      1.0000E+00      1.0000E+00      6.2500E-02      8.9999E+01      9.0001E+01      1.0000E+00
      6.2500E-02      1.0000E+00      1.0000E+00      1.0000E+00      6.2500E-02      9.0000E+01      9.0000E+01      1.0000E+00
      6.2500E-02      1.0000E+00      1.0000E+00      1.0000E+00      6.2500E-02      9.0000E+01      9.0000E+01      1.0000E+00
      6.2501E-02      1.0000E+00      1.0000E+00      1.0000E+00      6.2500E-02      8.9999E+01      9.0001E+01      1.0000E+00
      6.2502E-02      1.0000E+00      1.0000E+00      1.0000E+00      6.2501E-02      8.9997E+01      9.0002E+01      1.0000E+00
      6.2506E-02      1.0000E+00      1.0000E+00      1.0001E+00      6.2502E-02      8.9992E+01      9.0005E+01      1.0000E+00
      6.2515E-02      1.0001E+00      1.0000E+00      1.0002E+00      6.2507E-02      8.9979E+01      9.0013E+01      1.0000E+00
      6.2539E-02      1.0002E+00      1.0000E+00      1.0004E+00      6.2520E-02      8.9948E+01      9.0035E+01      1.0000E+00
      6.2609E-02      1.0005E+00      1.0000E+00      1.0010E+00      6.2557E-02      8.9854E+01      9.0101E+01      1.0000E+00
      6.2813E-02      1.0013E+00      1.0000E+00      1.0024E+00      6.2670E-02      8.9589E+01      9.0286E+01      1.0000E+00
      6.3250E-02      1.0023E+00      1.0001E+00      1.0044E+00      6.2973E-02      8.9099E+01      9.0650E+01      1.0000E+00
      6.4048E-02      1.0054E+00      1.0005E+00      1.0101E+00      6.3482E-02      8.8173E+01      9.1380E+01      1.0000E+00
      6.3862E-02      1.0056E+00      1.0004E+00      1.0098E+00      6.3513E-02      8.8374E+01      9.1557E+01      1.0000E+00
      6.5039E-02      1.0393E+00      1.0074E+00      1.0765E+00      6.1838E-02      8.3128E+01      9.5342E+01      1.0000E+00
      3.9433E-02      1.3530E+00      1.2965E+00      1.6709E+00      2.2805E-02      6.7671E+01      1.2833E+02      1.0000E+00
      5.0346E-02      1.2650E+00      1.3311E+00      1.4010E+00      2.8759E-02      7.1768E+01      1.3130E+02      1.0000E+00
      6.9263E-02      1.0466E+00      1.0130E+00      1.0881E+00      6.4231E-02      8.0829E+01      9.5343E+01      1.0000E+00
      6.4715E-02      1.0005E+00      1.0004E+00      1.0002E+00      6.4703E-02      8.8358E+01      9.1632E+01      1.0000E+00
      6.4048E-02      1.0054E+00      1.0005E+00      1.0101E+00      6.3482E-02      8.8173E+01      9.1380E+01      1.0000E+00
      6.3158E-02      1.0023E+00      1.0001E+00      1.0040E+00      6.2961E-02      8.9217E+01      9.0631E+01      1.0000E+00
      6.2812E-02      1.0014E+00      1.0000E+00      1.0027E+00      6.2706E-02      8.9616E+01      9.0289E+01      1.0000E+00
      6.2658E-02      1.0008E+00      1.0000E+00      1.0017E+00      6.2595E-02      8.9803E+01      9.0141E+01      1.0000E+00
      6.2578E-02      1.0005E+00      1.0000E+00      1.0010E+00      6.2540E-02      8.9896E+01      9.0070E+01      1.0000E+00
      6.2533E-02      1.0002E+00      1.0000E+00      1.0004E+00      6.2515E-02      8.9954E+01      9.0031E+01      1.0000E+00
      6.2512E-02      1.0001E+00      1.0000E+00      1.0002E+00      6.2504E-02      8.9982E+01      9.0011E+01      1.0000E+00
      6.2503E-02      1.0000E+00      1.0000E+00      1.0000E+00      6.2501E-02      8.9994E+01      9.0003E+01      1.0000E+00
      6.2501E-02      1.0000E+00      1.0000E+00      1.0000E+00      6.2500E-02      8.9999E+01      9.0001E+01      1.0000E+00
      6.2501E-02      1.0000E+00      1.0000E+00      1.0000E+00      6.2500E-02      8.9999E+01      9.0001E+01      1.0000E+00
      6.2503E-02      1.0000E+00      1.0000E+00      1.0000E+00      6.2501E-02      8.9994E+01      9.0003E+01      1.0000E+00
      6.2512E-02      1.0001E+00      1.0000E+00      1.0002E+00      6.2504E-02      8.9982E+01      9.0011E+01      1.0000E+00
      6.2533E-02      1.0002E+00      1.0000E+00      1.0004E+00      6.2515E-02      8.9954E+01      9.0031E+01      1.0000E+00
      6.2578E-02      1.0005E+00      1.0000E+00      1.0010E+00      6.2540E-02      8.9896E+01      9.0070E+01      1.0000E+00
      6.2658E-02      1.0008E+00      1.0000E+00      1.0017E+00      6.2595E-02      8.9803E+01      9.0141E+01      1.0000E+00
      6.2812E-02      1.0014E+00      1.0000E+00      1.0027E+00      6.2706E-02      8.9616E+01      9.0289E+01      1.0000E+00
      6.3158E-02      1.0023E+00      1.0001E+00      1.0040E+00      6.2961E-02      8.9217E+01      9.0631E+01      1.0000E+00
      6.4048E-02      1.0054E+00      1.0005E+00      1.0101E+00      6.3482E-02      8.8173E+01      9.1380E+01      1.0000E+00
      6.4715E-02      1.0005E+00      1.0004E+00      1.0002E+00      6.4703E-02      8.8358E+01      9.1632E+01      1.0000E+00
      6.9263E-02      1.0466E+00      1.0130E+00      1.0881E+00      6.4231E-02      8.0829E+01      9.5343E+01      1.0000E+00
      5.0346E-02      1.2650E+00      1.3311E+00      1.4010E+00      2.8759E-02      7.1768E+01      1.3130E+02      1.0000E+00
      5.2270E-02      1.2435E+00      1.3241E+00      1.3834E+00      2.9774E-02      7.3402E+01      1.3096E+02      1.0000E+00
      6.9263E-02      1.0466E+00      1.0130E+00      1.0881E+00      6.4231E-02      8.0829E+01      9.5343E+01      1.0000E+00
      6.3862E-02      1.0056E+00      1.0004E+00      1.0098E+00      6.3513E-02      8.8374E+01      9.1557E+01      1.0000E+00
      6.3528E-02      1.0031E+00      1.0002E+00      1.0050E+00      6.3382E-02      8.8787E+01      9.1134E+01      1.0000E+00
      6.3231E-02      1.0021E+00      1.0001E+00      1.0051E+00      6.3133E-02      8.9262E+01      9.0702E+01      1.0000E+00
      6.3053E-02      1.0029E+00      1.0001E+00      1.0059E+00      6.2853E-02      8.9358E+01      9.0468E+01      1.0000E+00
      6.2798E-02      1.0019E+00      1.0000E+00      1.0035E+00      6.2663E-02      8.9620E+01      9.0270E+01      1.0000E+00
      6.2630E-02      1.0008E+00      1.0000E+00      1.0015E+00      6.2563E-02      8.9821E+01      9.0125E+01      1.0000E+00
      6.2546E-02      1.0003E+00      1.0000E+00      1.0006E+00      6.2515E-02      8.9924E+01      9.0051E+01      1.0000E+00
      6.2509E-02      1.0001E+00      1.0000E+00      1.0002E+00      6.2500E-02      8.9978E+01      9.0014E+01      1.0000E+00
      6.2499E-02      1.0001E+00      1.0000E+00      1.0001E+00      6.2497E-02      8.9997E+01      9.0003E+01      1.0000E+00
      6.2499E-02      1.0001E+00      1.0000E+00      1.0001E+00      6.2497E-02      8.9997E+01      9.0003E+01      1.0000E+00
      6.2509E-02      1.0001E+00      1.0000E+00      1.0002E+00      6.2500E-02      8.9978E+01      9.0014E+01      1.0000E+00
      6.2546E-02      1.0003E+00      1.0000E+00      1.0006E+00      6.2515E-02      8.9924E+01      9.0051E+01      1.0000E+00
      6.2630E-02      1.0008E+00      1.0000E+00      1.0015E+00      6.2563E-02      8.9821E+01      9.0125E+01      1.0000E+00
      6.2798E-02      1.0019E+00      1.0000E+00      1.0035E+00      6.2663E-02      8.9620E+01      9.0270E+01      1.0000E+00
      6.3053E-02      1.0029E+00      1.0001E+00      1.0059E+00      6.2853E-02      8.9358E+01      9.0468E+01      1.0000E+00
      6.3231E-02      1.0021E+00      1.0001E+00      1.0051E+00      6.3133E-02      8.9262E+01      9.0702E+01      1.0000E+00
      6.3528E-02      1.0031E+00      1.0002E+00      1.0050E+00      6.3382E-02      8.8787E+01      9.1134E+01      1.0000E+00
      6.3862E-02      1.0056E+00      1.0004E+00      1.0098E+00      6.3513E-02      8.8374E+01      9.1557E+01      1.0000E+00
      6.9263E-02      1.0466E+00      1.0130E+00      1.0881E+00      6.4231E-02      8.0829E+01      9.5343E+01      1.0000E+00
      5.2270E-02      1.2435E+00      1.3241E+00      1.3834E+00      2.9774E-02      7.3402E+01      1.3096E+02      1.0000E+00
      5.0346E-02      1.2650E+00      1.3311E+00      1.4010E+00      2.8759E-02      7.1768E+01      1.3130E+02      1.0000E+00
      6.5039E-02      1.0393E+00      1.0074E+00      1.0765E+00      6.1838E-02      8.3128E+01      9.5341E+01      1.0000E+00
      6.2401E-02      1.0201E+00      1.0007E+00      1.0366E+00      6.0655E-02      8.7942E+01      9.1152E+01      1.0000E+00
      6.4412E-02      1.0055E+00      1.0005E+00      1.0152E+00      6.4013E-02      8.8432E+01      9.1662E+01      1.0000E+00
      6.3973E-02      1.0089E+00      1.0005E+00      1.0158E+00      6.3358E-02      8.8253E+01      9.1293E+01      1.0000E+00
      6.3200E-02      1.0034E+00      1.0001E+00      1.0063E+00      6.2967E-02      8.9192E+01      9.0623E+01      1.0000E+00
      6.2831E-02      1.0021E+00      1.0000E+00      1.0039E+00      6.2634E-02      8.9481E+01      9.0382E+01      1.0000E+00
      6.2566E-02      1.0009E+00      1.0000E+00      1.0021E+00      6.2490E-02      8.9799E+01      9.0153E+01      1.0000E+00
      6.2475E-02      1.0006E+00      1.0000E+00      1.0011E+00      6.2467E-02      8.9970E+01      9.0033E+01      1.0000E+00
      6.2472E-02      1.0004E+00      1.0000E+00      1.0009E+00      6.2462E-02      8.9993E+01      9.0011E+01      1.0000E+00
      6.2472E-02      1.0004E+00      1.0000E+00      1.0009E+00      6.2462E-02      8.9993E+01      9.0011E+01      1.0000E+00
      6.2475E-02      1.0006E+00      1.0000E+00      1.0011E+00      6.2467E-02      8.9970E+01      9.0033E+01      1.0000E+00
      6.2566E-02      1.0009E+00      1.0000E+00      1.0021E+00      6.2490E-02      8.9799E+01      9.0153E+01      1.0000E+00
      6.2831E-02      1.0021E+00      1.0000E+00      1.0039E+00      6.2634E-02      8.9481E+01      9.0382E+01      1.0000E+00
      6.3200E-02      1.0034E+00      1.0001E+00      1.0063E+00      6.2967E-02      8.9192E+01      9.0623E+01      1.0000E+00
      6.3973E-02      1.0089E+00      1.0005E+00      1.0158E+00      6.3358E-02      8.8253E+01      9.1293E+01      1.0000E+00
      6.4412E-02      1.0055E+00      1.0005E+00      1.0152E+00      6.4013E-02      8.8432E+01      9.1662E+01      1.0000E+00
      6.2401E-02      1.0201E+00      1.0007E+00      1.0366E+00      6.0655E-02      8.7942E+01      9.1152E+01      1.0000E+00
      6.5039E-02      1.0393E+00      1.0074E+00      1.0765E+00      6.1838E-02      8.3128E+01      9.5341E+01      1.0000E+00
      5.0346E-02      1.2650E+00      1.3311E+00      1.4010E+00      2.8759E-02      7.1768E+01      1.3130E+02      1.0000E+00
      3.9433E-02      1.3530E+00      1.2965E+00      1.6709E+00      2.2805E-02      6.7671E+01      1.2833E+02      1.0000E+00
      6.3226E-02      1.1460E+00      1.0338E+00      1.3056E+00      5.4019E-02      7.7142E+01      1.0122E+02      1.0000E+00
      7.0358E-02      1.0841E+00      1.0203E+00      1.1451E+00      6.3537E-02      7.8788E+01      9.7549E+01      1.0000E+00
      6.3464E-02      1.0081E+00      1.0003E+00      1.0154E+00      6.2633E-02      8.8496E+01      9.0874E+01      1.0000E+00
      6.3855E-02      1.0051E+00      1.0004E+00      1.0098E+00      6.3279E-02      8.8460E+01      9.1027E+01      1.0000E+00
      6.2764E-02      1.0044E+00      1.0003E+00      1.0141E+00      6.2258E-02      8.8800E+01      9.1076E+01      1.0000E+00
      6.2096E-02      1.0047E+00      1.0000E+00      1.0090E+00      6.2013E-02      8.9806E+01      9.0137E+01      1.0000E+00
      6.2210E-02      1.0028E+00      1.0000E+00      1.0071E+00      6.2116E-02      8.9899E+01      9.0096E+01      1.0000E+00
      6.2354E-02      1.0024E+00      1.0000E+00      1.0049E+00      6.2287E-02      8.9926E+01      9.0050E+01      1.0000E+00
      6.2354E-02      1.0024E+00      1.0000E+00      1.0049E+00      6.2287E-02      8.9926E+01      9.0050E+01      1.0000E+00
      6.2210E-02      1.0028E+00      1.0000E+00      1.0071E+00      6.2116E-02      8.9899E+01      9.0096E+01      1.0000E+00
      6.2096E-02      1.0047E+00      1.0000E+00      1.0090E+00      6.2013E-02      8.9806E+01      9.0137E+01      1.0000E+00
      6.2764E-02      1.0044E+00      1.0003E+00      1.0141E+00      6.2258E-02      8.8800E+01      9.1076E+01      1.0000E+00
      6.3855E-02      1.0051E+00      1.0004E+00      1.0098E+00      6.3279E-02      8.8460E+01      9.1027E+01      1.0000E+00
      6.3464E-02      1.0081E+00      1.0003E+00      1.0154E+00      6.2633E-02      8.8496E+01      9.0874E+01      1.0000E+00
      7.0358E-02      1.0841E+00      1.0203E+00      1.1451E+00      6.3537E-02      7.8788E+01      9.7549E+01      1.0000E+00
      6.3226E-02      1.1460E+00      1.0338E+00      1.3056E+00      5.4019E-02      7.7142E+01      1.0122E+02      1.0000E+00
      3.9433E-02      1.3530E+00      1.2965E+00      1.6709E+00      2.2805E-02      6.7671E+01      1.2833E+02      1.0000E+00
      4.3096E-02      1.3665E+00      1.2604E+00      1.6951E+00      2.5778E-02      6.7528E+01      1.2606E+02      1.0000E+00
      6.4416E-02      1.1091E+00      1.0273E+00      1.2516E+00      5.5977E-02      7.8478E+01      9.9067E+01      1.0000E+00
      6.7437E-02      1.0830E+00      1.0182E+00      1.1768E+00      6.0420E-02      7.9341E+01      9.7767E+01      1.0000E+00
      5.9066E-02      1.0351E+00      1.0017E+00      1.0562E+00      5.7956E-02      8.8996E+01      9.1283E+01      1.0000E+00
      6.0130E-02      1.0194E+00      1.0009E+00      1.0445E+00      5.9297E-02      8.9326E+01      9.1175E+01      1.0000E+00
      6.1455E-02      1.0102E+00      1.0004E+00      1.0266E+00      6.1009E-02      8.9344E+01      9.0591E+01      1.0000E+00
      6.2154E-02      1.0084E+00      1.0001E+00      1.0170E+00      6.1876E-02      8.9668E+01      9.0180E+01      1.0000E+00
      6.2154E-02      1.0084E+00      1.0001E+00      1.0170E+00      6.1876E-02      8.9668E+01      9.0180E+01      1.0000E+00
      6.1455E-02      1.0102E+00      1.0004E+00      1.0266E+00      6.1009E-02      8.9344E+01      9.0591E+01      1.0000E+00
      6.0130E-02      1.0194E+00      1.0009E+00      1.0445E+00      5.9297E-02      8.9326E+01      9.1175E+01      1.0000E+00
      5.9066E-02      1.0351E+00      1.0017E+00      1.0562E+00      5.7956E-02      8.8996E+01      9.1283E+01      1.0000E+00
      6.7437E-02      1.0830E+00      1.0182E+00      1.1768E+00      6.0420E-02      7.9341E+01      9.7767E+01      1.0000E+00
      6.4416E-02      1.1091E+00      1.0273E+00      1.2516E+00      5.5977E-02      7.8478E+01      9.9067E+01      1.0000E+00
      4.3096E-02      1.3665E+00      1.2604E+00      1.6951E+00      2.5778E-02      6.7528E+01      1.2606E+02      1.0000E+00
      4.0102E-02      1.4011E+00      1.2615E+00      1.6473E+00      2.5371E-02      6.3900E+01      1.2660E+02      1.0000E+00
      5.0586E-02      1.0852E+00      1.0162E+00      1.1919E+00      4.6694E-02      8.6642E+01      9.7117E+01      1.0000E+00
      5.6944E-02      1.0397E+00      1.0064E+00      1.1073E+00      5.5035E-02      8.7025E+01      9.3455E+01      1.0000E+00
      6.0697E-02      1.0246E+00      1.0022E+00      1.0628E+00      5.9461E-02      8.8000E+01      9.1570E+01      1.0000E+00
      6.2479E-02      1.0189E+00      1.0007E+00      1.0370E+00      6.1736E-02      8.9056E+01      9.0424E+01      1.0000E+00
      6.2479E-02      1.0189E+00      1.0007E+00      1.0370E+00      6.1736E-02      8.9056E+01      9.0424E+01      1.0000E+00
      6.0697E-02      1.0246E+00      1.0022E+00      1.0628E+00      5.9461E-02      8.8000E+01      9.1570E+01      1.0000E+00
      5.6944E-02      1.0397E+00      1.0064E+00      1.1073E+00      5.5035E-02      8.7025E+01      9.3455E+01      1.0000E+00
      5.0586E-02      1.0852E+00      1.0162E+00      1.1919E+00      4.6694E-02      8.6642E+01      9.7117E+01      1.0000E+00
      4.0102E-02      1.4011E+00      1.2615E+00      1.6473E+00      2.5371E-02      6.3900E+01      1.2660E+02      1.0000E+00
      6.2694E-02      1.0356E+00      1.0047E+00      1.0841E+00      6.0394E-02      8.5599E+01      9.3030E+01      1.0000E+00
      6.5306E-02      1.0277E+00      1.0015E+00      1.0454E+00      6.4560E-02      8.8119E+01      9.2008E+01      1.0000E+00
      6.3404E-02      1.0217E+00      1.0012E+00      1.0459E+00      6.2394E-02      8.7992E+01      9.1217E+01      1.0000E+00
      6.2562E-02      1.0144E+00      1.0005E+00      1.0298E+00      6.1952E-02      8.9019E+01      9.0465E+01      1.0000E+00
      6.2459E-02      1.0062E+00      1.0001E+00      1.0129E+00      6.2163E-02      8.9620E+01      9.0163E+01      1.0000E+00
      6.2470E-02      1.0018E+00      1.0000E+00      1.0037E+00      6.2389E-02      8.9920E+01      9.0069E+01      1.0000E+00
      6.2485E-02      1.0004E+00      1.0000E+00      1.0008E+00      6.2473E-02      8.9990E+01      9.0018E+01      1.0000E+00
      6.2493E-02      1.0001E+00      1.0000E+00      1.0002E+00      6.2491E-02      8.9995E+01      9.0004E+01      1.0000E+00
      6.2497E-02      1.0000E+00      1.0000E+00      1.0001E+00      6.2496E-02      8.9998E+01      9.0002E+01      1.0000E+00
      6.2498E-02      1.0000E+00      1.0000E+00      1.0000E+00      6.2498E-02      8.9999E+01      9.0001E+01      1.0000E+00
      6.2499E-02      1.0000E+00      1.0000E+00      1.0000E+00      6.2499E-02      9.0000E+01      9.0000E+01      1.0000E+00
      6.2500E-02      1.0000E+00      1.0000E+00      1.0000E+00      6.2500E-02      9.0000E+01      9.0000E+01      1.0000E+00
      6.2500E-02      1.0000E+00      1.0000E+00      1.0000E+00      6.2500E-02      9.0000E+01      9.0000E+01      1.0000E+00
      6.2500E-02      1.0000E+00      1.0000E+00      1.0000E+00      6.2500E-02      9.0000E+01      9.0000E+01      1.0000E+00
      6.2500E-02      1.0000E+00      1.0000E+00      1.0000E+00      6.2500E-02      9.0000E+01      9.0000E+01      1.0000E+00
      6.2500E-02      1.0000E+00      1.0000E+00      1.0000E+00      6.2500E-02      9.0000E+01      9.0000E+01      1.0000E+00
      6.2500E-02      1.0000E+00      1.0000E+00      1.0000E+00      6.2500E-02      9.0000E+01      9.0000E+01      1.0000E+00
      6.2500E-02      1.0000E+00      1.0000E+00      1.0000E+00      6.2500E-02      9.0000E+01      9.0000E+01      1.0000E+00
      6.2500E-02      1.0000E+00      1.0000E+00      1.0000E+00      6.2500E-02      9.0000E+01      9.0000E+01      1.0000E+00
      6.2500E-02      1.0000E+00      1.0000E+00      1.0000E+00      6.2500E-02      9.0000E+01      9.0000E+01      1.0000E+00
      6.2500E-02      1.0000E+00      1.0000E+00      1.0000E+00      6.2500E-02      9.0000E+01      9.0000E+01      1.0000E+00
      6.2500E-02      1.0000E+00      1.0000E+00      1.0000E+00      6.2500E-02      9.0000E+01      9.0000E+01      1.0000E+00
      6.2500E-02      1.0000E+00      1.0000E+00      1.0000E+00      6.2500E-02      9.0000E+01      9.0000E+01      1.0000E+00
      6.2499E-02      1.0000E+00      1.0000E+00      1.0000E+00      6.2499E-02      9.0000E+01      9.0000E+01      1.0000E+00
      6.2498E-02      1.0000E+00      1.0000E+00      1.0000E+00      6.2498E-02      8.9999E+01      9.0001E+01      1.0000E+00
      6.2497E-02      1.0000E+00      1.0000E+00      1.0001E+00      6.2496E-02      8.9998E+01      9.0002E+01      1.0000E+00
      6.2493E-02      1.0001E+00      1.0000E+00      1.0002E+00      6.2491E-02      8.9995E+01      9.0004E+01      1.0000E+00
      6.2485E-02      1.0004E+00      1.0000E+00      1.0008E+00      6.2473E-02      8.9990E+01      9.0018E+01      1.0000E+00
      6.2470E-02      1.0018E+00      1.0000E+00      1.0037E+00      6.2389E-02      8.9920E+01      9.0069E+01      1.0000E+00
      6.2459E-02      1.0062E+00      1.0001E+00      1.0129E+00      6.2163E-02      8.9620E+01      9.0163E+01      1.0000E+00
      6.2562E-02      1.0144E+00      1.0005E+00      1.0298E+00      6.1952E-02      8.9019E+01      9.0465E+01      1.0000E+00
      6.3404E-02      1.0217E+00      1.0012E+00      1.0459E+00      6.2394E-02      8.7992E+01      9.1218E+01      1.0000E+00
      6.5305E-02      1.0277E+00      1.0015E+00      1.0454E+00      6.4560E-02      8.8119E+01      9.2008E+01      1.0000E+00
      6.2694E-02      1.0356E+00      1.0047E+00      1.0841E+00      6.0394E-02      8.5599E+01      9.3030E+01      1.0000E+00
      5.6076E-02      1.0572E+00      1.0160E+00      1.1576E+00      5.2870E-02      8.3325E+01      9.5864E+01      1.0000E+00
      4.5760E-02      1.1145E+00      1.0492E+00      1.3217E+00      4.1092E-02      8.0650E+01      9.7930E+01      1.0000E+00
      2.8827E-02      1.2888E+00      1.1290E+00      1.6026E+00      1.9884E-02      7.8835E+01      1.1504E+02      1.0000E+00
      3.4880E-02      1.3731E+00      1.2129E+00      1.8591E+00      2.2681E-02      6.6711E+01      1.1847E+02      1.0000E+00
      5.1730E-02      1.1784E+00      1.0563E+00      1.3183E+00      4.0764E-02      7.1547E+01      9.9014E+01      1.0000E+00
      3.1212E-02      1.1682E+00      1.0988E+00      1.3552E+00      2.2235E-02      8.0316E+01      1.1413E+02      1.0000E+00
      3.7144E-02      1.3803E+00      1.1945E+00      1.7159E+00      2.5667E-02      6.4400E+01      1.1981E+02      1.0000E+00
      5.1098E-02      1.1590E+00      1.0506E+00      1.3206E+00      3.8502E-02      7.2141E+01      1.0062E+02      1.0000E+00
      2.8509E-02      1.1977E+00      1.1013E+00      1.4685E+00      1.9344E-02      7.6580E+01      1.1360E+02      1.0000E+00
      3.1746E-02      1.2719E+00      1.1918E+00      1.6287E+00      2.2405E-02      6.7454E+01      1.1807E+02      1.0000E+00
      3.4215E-02      1.2216E+00      1.1316E+00      1.4485E+00      2.7198E-02      6.7695E+01      1.1437E+02      1.0000E+00
      3.5531E-02      1.2855E+00      1.1315E+00      1.5528E+00      2.7237E-02      6.7279E+01      1.1433E+02      1.0000E+00
      3.6389E-02      1.2713E+00      1.1265E+00      1.4917E+00      2.8714E-02      6.6723E+01      1.1452E+02      1.0000E+00
      3.6389E-02      1.2713E+00      1.1265E+00      1.4917E+00      2.8714E-02      6.6723E+01      1.1452E+02      1.0000E+00
      3.5531E-02      1.2855E+00      1.1315E+00      1.5528E+00      2.7237E-02      6.7279E+01      1.1433E+02      1.0000E+00
      3.4215E-02      1.2216E+00      1.1316E+00      1.4485E+00      2.7198E-02      6.7695E+01      1.1437E+02      1.0000E+00
      3.1746E-02      1.2719E+00      1.1918E+00      1.6287E+00      2.2405E-02      6.7454E+01      1.1807E+02      1.0000E+00
      2.8510E-02      1.1977E+00      1.1013E+00      1.4685E+00      1.9344E-02      7.6580E+01      1.1360E+02      1.0000E+00
      5.1099E-02      1.1591E+00      1.0506E+00      1.3206E+00      3.8502E-02      7.2141E+01      1.0062E+02      1.0000E+00
      3.7145E-02      1.3802E+00      1.1945E+00      1.7159E+00      2.5668E-02      6.4401E+01      1.1981E+02      1.0000E+00
      3.1216E-02      1.1681E+00      1.0988E+00      1.3552E+00      2.2238E-02      8.0318E+01      1.1413E+02      1.0000E+00
      5.1744E-02      1.1788E+00      1.0564E+00      1.3187E+00      4.0772E-02      7.1537E+01      9.9035E+01      1.0000E+00
      3.4892E-02      1.3727E+00      1.2127E+00      1.8594E+00      2.2691E-02      6.6744E+01      1.1843E+02      1.0000E+00
      2.8848E-02      1.2896E+00      1.1297E+00      1.6045E+00      1.9938E-02      7.8918E+01      1.1497E+02      1.0000E+00
      4.5772E-02      1.1167E+00      1.0500E+00      1.3264E+00      4.1220E-02      8.0882E+01      9.7842E+01      1.0000E+00
      5.5980E-02      1.0628E+00      1.0170E+00      1.1679E+00      5.2890E-02      8.3582E+01      9.5622E+01      1.0000E+00
      6.2082E-02      1.0371E+00      1.0048E+00      1.0894E+00      5.9810E-02      8.5956E+01      9.2772E+01      1.0000E+00
      6.5031E-02      1.0258E+00      1.0011E+00      1.0467E+00      6.3630E-02      8.8126E+01      9.0944E+01      1.0000E+00
      6.5031E-02      1.0258E+00      1.0011E+00      1.0467E+00      6.3630E-02      8.8126E+01      9.0944E+01      1.0000E+00
      6.2082E-02      1.0371E+00      1.0048E+00      1.0894E+00      5.9810E-02      8.5956E+01      9.2772E+01      1.0000E+00
      5.5980E-02      1.0628E+00      1.0170E+00      1.1679E+00      5.2890E-02      8.3582E+01      9.5622E+01      1.0000E+00
      4.5772E-02      1.1167E+00      1.0500E+00      1.3264E+00      4.1220E-02      8.0882E+01      9.7842E+01      1.0000E+00
      2.8848E-02      1.2896E+00      1.1297E+00      1.6045E+00      1.9938E-02      7.8918E+01      1.1497E+02      1.0000E+00
      3.4892E-02      1.3727E+00      1.2127E+00      1.8594E+00      2.2691E-02      6.6744E+01      1.1843E+02      1.0000E+00
      5.1744E-02      1.1788E+00      1.0564E+00      1.3187E+00      4.0772E-02      7.1537E+01      9.9035E+01      1.0000E+00
      3.1216E-02      1.1681E+00      1.0988E+00      1.3552E+00      2.2238E-02      8.0318E+01      1.1413E+02      1.0000E+00
      3.7145E-02      1.3802E+00      1.1945E+00      1.7159E+00      2.5668E-02      6.4401E+01      1.1981E+02      1.0000E+00
      5.1099E-02      1.1591E+00      1.0506E+00      1.3206E+00      3.8502E-02      7.2141E+01      1.0062E+02      1.0000E+00
      2.8510E-02      1.1977E+00      1.1013E+00      1.4685E+00      1.9344E-02      7.6580E+01      1.1360E+02      1.0000E+00
      3.1746E-02      1.2719E+00      1.1918E+00      1.6287E+00      2.2405E-02      6.7454E+01      1.1807E+02      1.0000E+00
      3.4215E-02      1.2216E+00      1.1316E+00      1.4485E+00      2.7198E-02      6.7695E+01      1.1437E+02      1.0000E+00
      3.5531E-02      1.2855E+00      1.1315E+00      1.5528E+00      2.7237E-02      6.7279E+01      1.1433E+02      1.0000E+00
      3.6389E-02      1.2713E+00      1.1265E+00      1.4917E+00      2.8714E-02      6.6723E+01      1.1452E+02      1.0000E+00
      3.6389E-02      1.2713E+00      1.1265E+00      1.4917E+00      2.8714E-02      6.6723E+01      1.1452E+02      1.0000E+00
      3.5531E-02      1.2855E+00      1.1315E+00      1.5528E+00      2.7237E-02      6.7279E+01      1.1433E+02      1.0000E+00
      3.4215E-02      1.2216E+00      1.1316E+00      1.4485E+00      2.7198E-02      6.7695E+01      1.1437E+02      1.0000E+00
      3.1746E-02      1.2719E+00      1.1918E+00      1.6287E+00      2.2405E-02      6.7454E+01      1.1807E+02      1.0000E+00
      2.8509E-02      1.1977E+00      1.1013E+00      1.4685E+00      1.9344E-02      7.6580E+01      1.1360E+02      1.0000E+00
      5.1098E-02      1.1590E+00      1.0506E+00      1.3206E+00      3.8502E-02      7.2141E+01      1.0062E+02      1.0000E+00
      3.7144E-02      1.3803E+00      1.1945E+00      1.7159E+00      2.5667E-02      6.4400E+01      1.1981E+02      1.0000E+00
      3.1212E-02      1.1682E+00      1.0988E+00      1.3552E+00      2.2235E-02      8.0316E+01      1.1413E+02      1.0000E+00
      5.1730E-02      1.1784E+00      1.0563E+00      1.3183E+00      4.0764E-02      7.1547E+01      9.9014E+01      1.0000E+00
      3.4880E-02      1.3731E+00      1.2129E+00      1.8591E+00      2.2681E-02      6.6711E+01      1.1847E+02      1.0000E+00
      2.8827E-02      1.2888E+00      1.1290E+00      1.6026E+00      1.9884E-02      7.8835E+01      1.1504E+02      1.0000E+00
      4.5760E-02      1.1145E+00      1.0492E+00      1.3217E+00      4.1091E-02      8.0650E+01      9.7929E+01      1.0000E+00
      5.6076E-02      1.0572E+00      1.0160E+00      1.1576E+00      5.2870E-02      8.3325E+01      9.5864E+01      1.0000E+00
