  
 ------------------------
 2D Mesh Quality Measures
 ------------------------
  
Signed Area     Aspect Ratio    Condition       Edge Ratio      Jacobian        Minimum Angle   Maximum Angle   Area Sign       
      4.7958E-01      1.0523E+00      1.0174E+00      1.1478E+00      4.4471E-01      8.3539E+01      9.8382E+01      1.0000E+00
      5.2663E-01      1.0313E+00      1.0021E+00      1.0620E+00      5.1118E-01      8.8562E+01      9.3046E+01      1.0000E+00
      5.5609E-01      1.0086E+00      1.0001E+00      1.0147E+00      5.5451E-01      8.9697E+01      9.0281E+01      1.0000E+00
      5.6432E-01      1.0027E+00      1.0000E+00      1.0068E+00      5.6268E-01      8.9790E+01      9.0301E+01      1.0000E+00
      5.6691E-01      1.0044E+00      1.0001E+00      1.0098E+00      5.6412E-01      8.9523E+01      9.0471E+01      1.0000E+00
      5.6774E-01      1.0142E+00      1.0003E+00      1.0276E+00      5.5980E-01      8.8821E+01      9.1220E+01      1.0000E+00
      5.4182E-01      1.0391E+00      1.0043E+00      1.0723E+00      5.1059E-01      8.4740E+01      9.2271E+01      1.0000E+00
      4.5134E-01      1.4015E+00      1.1496E+00      1.7037E+00      2.8000E-01      7.2497E+01      1.1902E+02      1.0000E+00
      3.5425E-01      1.3087E+00      1.2499E+00      1.5267E+00      2.3207E-01      6.6064E+01      1.2586E+02      1.0000E+00
      5.3895E-01      1.0287E+00      1.0032E+00      1.0714E+00      5.1089E-01      8.5447E+01      9.2448E+01      1.0000E+00
      5.4519E-01      1.0179E+00      1.0007E+00      1.0359E+00      5.3338E-01      8.8454E+01      9.2003E+01      1.0000E+00
      5.6640E-01      1.0087E+00      1.0002E+00      1.0142E+00      5.6238E-01      8.9086E+01      9.0693E+01      1.0000E+00
      5.6715E-01      1.0107E+00      1.0002E+00      1.0196E+00      5.6457E-01      8.9643E+01      9.0209E+01      1.0000E+00
      5.7826E-01      1.0153E+00      1.0006E+00      1.0341E+00      5.7044E-01      8.9153E+01      9.0694E+01      1.0000E+00
      6.7290E-01      1.0925E+00      1.0155E+00      1.1768E+00      5.7648E-01      8.0053E+01      9.6537E+01      1.0000E+00
      6.4251E-01      1.2018E+00      1.2380E+00      1.2294E+00      5.0660E-01      6.2660E+01      1.2560E+02      1.0000E+00
      3.6026E-01      1.2968E+00      1.2537E+00      1.5615E+00      2.2919E-01      6.7578E+01      1.2571E+02      1.0000E+00
      5.6138E-01      1.1070E+00      1.0353E+00      1.2608E+00      4.8052E-01      7.6539E+01      9.9651E+01      1.0000E+00
      5.8932E-01      1.0782E+00      1.0228E+00      1.1962E+00      5.2300E-01      7.9049E+01      9.7932E+01      1.0000E+00
      5.0661E-01      1.0704E+00      1.0064E+00      1.1122E+00      4.8884E-01      8.7795E+01      9.2614E+01      1.0000E+00
      5.7942E-01      1.0509E+00      1.0179E+00      1.1660E+00      5.2801E-01      8.2203E+01      9.6239E+01      1.0000E+00
      5.3786E-01      1.2603E+00      1.2451E+00      1.3764E+00      3.6280E-01      6.7540E+01      1.2639E+02      1.0000E+00
      3.4470E-01      1.4320E+00      1.2080E+00      1.6493E+00      2.3618E-01      6.2704E+01      1.2308E+02      1.0000E+00
      3.7927E-01      1.1678E+00      1.0343E+00      1.2851E+00      3.5691E-01      8.5900E+01      9.4693E+01      1.0000E+00
      3.3339E-01      1.4394E+00      1.2378E+00      1.6357E+00      2.2429E-01      6.1638E+01      1.2529E+02      1.0000E+00
      4.9843E-01      1.1187E+00      1.0449E+00      1.2931E+00      4.3049E-01      7.6362E+01      9.8559E+01      1.0000E+00
      5.9289E-01      1.0659E+00      1.0088E+00      1.1025E+00      5.7182E-01      8.4122E+01      9.5372E+01      1.0000E+00
      5.5508E-01      1.0346E+00      1.0065E+00      1.0874E+00      5.3415E-01      8.4628E+01      9.4377E+01      1.0000E+00
      5.5444E-01      1.0138E+00      1.0015E+00      1.0415E+00      5.4575E-01      8.7849E+01      9.2073E+01      1.0000E+00
      5.6064E-01      1.0059E+00      1.0002E+00      1.0158E+00      5.5808E-01      8.9526E+01      9.0432E+01      1.0000E+00
      5.6257E-01      1.0034E+00      1.0000E+00      1.0071E+00      5.6204E-01      8.9956E+01      9.0063E+01      1.0000E+00
      5.6141E-01      1.0038E+00      1.0001E+00      1.0097E+00      5.5957E-01      8.9694E+01      9.0372E+01      1.0000E+00
      5.5259E-01      1.0106E+00      1.0002E+00      1.0169E+00      5.4655E-01      8.9491E+01      9.0746E+01      1.0000E+00
      5.1285E-01      1.0338E+00      1.0040E+00      1.0798E+00      4.8953E-01      8.6374E+01      9.4423E+01      1.0000E+00
      3.8132E-01      1.1441E+00      1.1333E+00      1.2886E+00      2.8787E-01      7.3985E+01      1.1736E+02      1.0000E+00
      5.0003E-01      1.7000E+00      1.3454E+00      1.8986E+00      2.9894E-01      6.4336E+01      1.2362E+02      1.0000E+00
      9.3181E-01      1.2951E+00      1.2446E+00      1.8012E+00      6.9569E-01      7.5943E+01      1.1397E+02      1.0000E+00
      7.4790E-01      1.3179E+00      1.1826E+00      1.7712E+00      4.6263E-01      7.4470E+01      1.1833E+02      1.0000E+00
      5.7577E-01      1.1643E+00      1.1295E+00      1.3824E+00      4.2072E-01      7.5039E+01      1.1607E+02      1.0000E+00
      4.7388E-01      1.2903E+00      1.1607E+00      1.6166E+00      3.3211E-01      6.9212E+01      1.1713E+02      1.0000E+00
      3.8745E-01      1.1678E+00      1.1371E+00      1.3199E+00      3.1233E-01      6.8607E+01      1.1647E+02      1.0000E+00
      3.0527E-01      1.3151E+00      1.2017E+00      1.8531E+00      1.9299E-01      7.1616E+01      1.1650E+02      1.0000E+00
      2.3717E-01      1.3717E+00      1.1861E+00      1.6973E+00      1.6459E-01      7.4544E+01      1.1821E+02      1.0000E+00
      3.2197E-01      1.2160E+00      1.0607E+00      1.4136E+00      3.1013E-01      8.6508E+01      9.2799E+01      1.0000E+00
      2.4608E-01      1.3422E+00      1.1605E+00      1.5984E+00      1.7558E-01      7.3385E+01      1.1825E+02      1.0000E+00
      3.2523E-01      1.3838E+00      1.2088E+00      1.8893E+00      2.0440E-01      6.8225E+01      1.1867E+02      1.0000E+00
      4.9071E-01      1.1529E+00      1.0440E+00      1.3005E+00      3.9255E-01      7.3482E+01      9.6503E+01      1.0000E+00
      2.7915E-01      1.2193E+00      1.1113E+00      1.5307E+00      1.8229E-01      7.4353E+01      1.1441E+02      1.0000E+00
      3.0438E-01      1.2003E+00      1.2220E+00      1.5592E+00      2.0975E-01      6.9820E+01      1.1987E+02      1.0000E+00
      3.0382E-01      1.2008E+00      1.2324E+00      1.5991E+00      2.0268E-01      7.1091E+01      1.2009E+02      1.0000E+00
      2.8860E-01      1.3104E+00      1.1493E+00      1.7076E+00      1.8205E-01      7.0870E+01      1.1405E+02      1.0000E+00
