  
 ----------------
 Bad Element Info
 ----------------
  
 Element          220
         0.77218123065504574        1.1596757238713304        0.0000000000000000     
         0.97161524733495797        1.2037383748099879        0.0000000000000000     
         0.86028861928555223        1.5125797467339401        0.0000000000000000     
         0.55052395684361999        1.1720734607708669        0.0000000000000000     
 Problems:
       Maximum Angle      164.33996977638452     
  
 //////////////////////////////////////////////////
  
 ------------------------
 2D Mesh Quality Measures
 ------------------------
  
Signed Area     Aspect Ratio    Condition       Edge Ratio      Jacobian        Minimum Angle   Maximum Angle   Area Sign       
      1.8177E-01      1.3529E+00      1.2206E+00      1.6352E+00      1.1634E-01      6.7245E+01      1.2369E+02      1.0000E+00
      2.2592E-01      1.0413E+00      1.0052E+00      1.1078E+00      2.1220E-01      8.7604E+01      9.4465E+01      1.0000E+00
      2.4559E-01      1.0157E+00      1.0007E+00      1.0377E+00      2.4075E-01      8.8598E+01      9.0848E+01      1.0000E+00
      2.4558E-01      1.0157E+00      1.0007E+00      1.0379E+00      2.4071E-01      8.8606E+01      9.0864E+01      1.0000E+00
      2.2589E-01      1.0414E+00      1.0053E+00      1.1082E+00      2.1215E-01      8.7596E+01      9.4466E+01      1.0000E+00
      1.8173E-01      1.3531E+00      1.2207E+00      1.6352E+00      1.1630E-01      6.7235E+01      1.2370E+02      1.0000E+00
      1.6154E-01      1.3123E+00      1.2740E+00      1.6075E+00      9.7004E-02      6.8685E+01      1.2704E+02      1.0000E+00
      2.6187E-01      1.1427E+00      1.0331E+00      1.2996E+00      2.2118E-01      7.6487E+01      1.0034E+02      1.0000E+00
      2.8408E-01      1.0958E+00      1.0258E+00      1.1820E+00      2.5080E-01      7.7286E+01      9.8400E+01      1.0000E+00
      2.4542E-01      1.0183E+00      1.0006E+00      1.0271E+00      2.4284E-01      8.8851E+01      9.1216E+01      1.0000E+00
      2.4522E-01      1.0092E+00      1.0002E+00      1.0175E+00      2.4382E-01      8.9674E+01      9.0332E+01      1.0000E+00
      2.4515E-01      1.0096E+00      1.0002E+00      1.0186E+00      2.4362E-01      8.9605E+01      9.0324E+01      1.0000E+00
      2.4530E-01      1.0193E+00      1.0006E+00      1.0286E+00      2.4265E-01      8.8850E+01      9.1216E+01      1.0000E+00
      2.8394E-01      1.0954E+00      1.0256E+00      1.1823E+00      2.5065E-01      7.7331E+01      9.8362E+01      1.0000E+00
      2.6159E-01      1.1427E+00      1.0333E+00      1.2998E+00      2.2091E-01      7.6448E+01      1.0037E+02      1.0000E+00
      1.6121E-01      1.3120E+00      1.2736E+00      1.6064E+00      9.6783E-02      6.8734E+01      1.2704E+02      1.0000E+00
      1.6136E-01      1.3116E+00      1.2757E+00      1.6070E+00      9.6830E-02      6.8648E+01      1.2713E+02      1.0000E+00
      2.5084E-01      1.0217E+00      1.0040E+00      1.0414E+00      2.4163E-01      8.4892E+01      9.3043E+01      1.0000E+00
      2.5000E-01      1.0186E+00      1.0005E+00      1.0373E+00      2.4349E-01      8.8221E+01      9.1205E+01      1.0000E+00
      2.5455E-01      1.0113E+00      1.0008E+00      1.0267E+00      2.4947E-01      8.7778E+01      9.1428E+01      1.0000E+00
      2.4530E-01      1.0187E+00      1.0008E+00      1.0403E+00      2.3742E-01      8.8593E+01      9.2271E+01      1.0000E+00
      2.4548E-01      1.0190E+00      1.0009E+00      1.0363E+00      2.3773E-01      8.8867E+01      9.2485E+01      1.0000E+00
      2.5443E-01      1.0118E+00      1.0006E+00      1.0267E+00      2.4940E-01      8.8062E+01      9.1169E+01      1.0000E+00
      2.4924E-01      1.0191E+00      1.0004E+00      1.0374E+00      2.4306E-01      8.8477E+01      9.1320E+01      1.0000E+00
      2.4989E-01      1.0224E+00      1.0041E+00      1.0413E+00      2.4056E-01      8.4837E+01      9.3071E+01      1.0000E+00
      1.6038E-01      1.3130E+00      1.2747E+00      1.6151E+00      9.6073E-02      6.8725E+01      1.2701E+02      1.0000E+00
      2.6133E-01      1.1438E+00      1.0335E+00      1.2992E+00      2.2079E-01      7.6280E+01      1.0056E+02      1.0000E+00
      2.5104E-01      1.0254E+00      1.0008E+00      1.0436E+00      2.4355E-01      8.7993E+01      9.1427E+01      1.0000E+00
      2.5659E-01      1.0134E+00      1.0009E+00      1.0191E+00      2.5374E-01      8.7712E+01      9.2058E+01      1.0000E+00
      2.4648E-01      1.0191E+00      1.0006E+00      1.0332E+00      2.4167E-01      8.8293E+01      9.1343E+01      1.0000E+00
      2.1999E-01      1.0456E+00      1.0105E+00      1.1155E+00      2.0262E-01      8.5719E+01      9.7563E+01      1.0000E+00
      2.2448E-01      1.0436E+00      1.0113E+00      1.0992E+00      2.0860E-01      8.5108E+01      9.8175E+01      1.0000E+00
      2.4631E-01      1.0176E+00      1.0005E+00      1.0311E+00      2.4163E-01      8.9197E+01      9.1382E+01      1.0000E+00
      2.5370E-01      1.0028E+00      1.0003E+00      1.0055E+00      2.5261E-01      8.8620E+01      9.1157E+01      1.0000E+00
      2.4950E-01      1.0213E+00      1.0007E+00      1.0397E+00      2.4257E-01      8.8051E+01      9.1236E+01      1.0000E+00
      2.5931E-01      1.1447E+00      1.0313E+00      1.2992E+00      2.1991E-01      7.6968E+01      1.0031E+02      1.0000E+00
      1.8018E-01      1.3534E+00      1.2259E+00      1.6308E+00      1.1554E-01      6.6806E+01      1.2404E+02      1.0000E+00
      2.8360E-01      1.0962E+00      1.0247E+00      1.1807E+00      2.5099E-01      7.7631E+01      9.8291E+01      1.0000E+00
      2.6018E-01      1.0073E+00      1.0007E+00      1.0179E+00      2.5847E-01      8.8055E+01      9.1803E+01      1.0000E+00
      2.6190E-01      1.0152E+00      1.0010E+00      1.0292E+00      2.5896E-01      8.7678E+01      9.1718E+01      1.0000E+00
      2.8373E-01      1.1110E+00      1.0259E+00      1.1930E+00      2.5185E-01      7.7756E+01      9.9216E+01      1.0000E+00
      1.7187E-01      1.3697E+00      1.2736E+00      1.6480E+00      1.0528E-01      6.5623E+01      1.2712E+02      1.0000E+00
      1.9572E-01      1.2306E+00      1.1029E+00      1.3497E+00      1.5137E-01      7.2267E+01      1.1473E+02      1.0000E+00
      2.6663E-01      1.0383E+00      1.0066E+00      1.0932E+00      2.4865E-01      8.3438E+01      9.3756E+01      1.0000E+00
      2.5396E-01      1.0077E+00      1.0005E+00      1.0161E+00      2.5172E-01      8.8631E+01      9.1813E+01      1.0000E+00
      2.5807E-01      1.0115E+00      1.0012E+00      1.0193E+00      2.5441E-01      8.7248E+01      9.2206E+01      1.0000E+00
      2.8745E-01      1.0864E+00      1.0258E+00      1.1630E+00      2.5593E-01      7.7204E+01      9.8358E+01      1.0000E+00
      1.7909E-01      1.3747E+00      1.2193E+00      1.6843E+00      1.1147E-01      6.7905E+01      1.2362E+02      1.0000E+00
      2.2434E-01      1.0460E+00      1.0063E+00      1.1159E+00      2.1086E-01      8.7452E+01      9.4887E+01      1.0000E+00
      2.4655E-01      1.0198E+00      1.0006E+00      1.0290E+00      2.4357E-01      8.8646E+01      9.1265E+01      1.0000E+00
      2.5605E-01      1.0126E+00      1.0008E+00      1.0201E+00      2.5291E-01      8.7824E+01      9.1735E+01      1.0000E+00
      2.5701E-01      1.0247E+00      1.0010E+00      1.0343E+00      2.5302E-01      8.8350E+01      9.1706E+01      1.0000E+00
      2.8087E-01      1.1153E+00      1.0211E+00      1.2107E+00      2.4371E-01      7.8985E+01      9.6581E+01      1.0000E+00
      2.4525E-01      1.1714E+00      1.1201E+00      1.2787E+00      1.8541E-01      7.4541E+01      1.1667E+02      1.0000E+00
      2.5031E-01      1.1496E+00      1.0507E+00      1.2844E+00      2.1588E-01      7.5078E+01      1.0622E+02      1.0000E+00
      2.4123E-01      1.1321E+00      1.0245E+00      1.2478E+00      2.0431E-01      8.2512E+01      1.0208E+02      1.0000E+00
      2.7452E-01      1.0593E+00      1.0126E+00      1.1113E+00      2.5331E-01      8.1069E+01      9.4718E+01      1.0000E+00
      2.4862E-01      1.0546E+00      1.0177E+00      1.1780E+00      2.2616E-01      8.2962E+01      9.5944E+01      1.0000E+00
      2.4481E-01      1.0210E+00      1.0013E+00      1.0507E+00      2.4044E-01      8.8595E+01      9.0837E+01      1.0000E+00
      2.4828E-01      1.0065E+00      1.0002E+00      1.0173E+00      2.4658E-01      8.9231E+01      9.0620E+01      1.0000E+00
      2.5375E-01      1.0138E+00      1.0006E+00      1.0223E+00      2.5143E-01      8.8442E+01      9.1805E+01      1.0000E+00
      2.4358E-01      1.0216E+00      1.0016E+00      1.0531E+00      2.3569E-01      8.7256E+01      9.1426E+01      1.0000E+00
      2.0862E-01      1.0665E+00      1.0074E+00      1.1337E+00      1.8561E-01      8.4232E+01      9.6896E+01      1.0000E+00
      2.4088E-01      1.1796E+00      1.1309E+00      1.3106E+00      1.7480E-01      7.5494E+01      1.1772E+02      1.0000E+00
      2.4104E-01      1.1814E+00      1.1259E+00      1.2684E+00      1.8372E-01      7.3330E+01      1.1731E+02      1.0000E+00
      2.4505E-01      1.0204E+00      1.0012E+00      1.0478E+00      2.4095E-01      8.8471E+01      9.0939E+01      1.0000E+00
      2.4943E-01      1.0025E+00      1.0000E+00      1.0043E+00      2.4920E-01      8.9574E+01      9.0401E+01      1.0000E+00
      2.5856E-01      1.0302E+00      1.0016E+00      1.0486E+00      2.5492E-01      8.8326E+01      9.1829E+01      1.0000E+00
      2.7303E-01      1.1449E+00      1.0347E+00      1.2069E+00      2.4597E-01      7.7370E+01      1.0199E+02      1.0000E+00
      1.5393E-01      1.3574E+00      1.2308E+00      1.7195E+00      9.1811E-02      6.9854E+01      1.2400E+02      1.0000E+00
      2.2493E-01      1.0432E+00      1.0060E+00      1.1097E+00      2.1171E-01      8.7360E+01      9.4906E+01      1.0000E+00
      2.4929E-01      1.0094E+00      1.0002E+00      1.0196E+00      2.4649E-01      8.9218E+01      9.0959E+01      1.0000E+00
      2.6523E-01      1.0398E+00      1.0026E+00      1.0749E+00      2.6080E-01      8.8326E+01      9.1037E+01      1.0000E+00
      2.7785E-01      1.1323E+00      1.0250E+00      1.1936E+00      2.5972E-01      8.1732E+01      9.8420E+01      1.0000E+00
      1.8086E-01      1.3491E+00      1.2240E+00      1.6298E+00      1.1608E-01      6.7012E+01      1.2387E+02      1.0000E+00
      2.8697E-01      1.1042E+00      1.0259E+00      1.1767E+00      2.5403E-01      7.7487E+01      9.8319E+01      1.0000E+00
      2.6905E-01      1.0327E+00      1.0034E+00      1.0740E+00      2.6632E-01      8.7687E+01      9.2397E+01      1.0000E+00
      2.7425E-01      1.1339E+00      1.0231E+00      1.2114E+00      2.5384E-01      8.4533E+01      9.6735E+01      1.0000E+00
      2.6429E-01      1.1523E+00      1.0335E+00      1.3020E+00      2.2276E-01      7.6425E+01      1.0035E+02      1.0000E+00
      2.5887E-01      1.0518E+00      1.0039E+00      1.0820E+00      2.4943E-01      8.6361E+01      9.2802E+01      1.0000E+00
      2.7967E-01      1.1266E+00      1.0325E+00      1.1772E+00      2.5510E-01      7.7147E+01      1.0144E+02      1.0000E+00
      1.7101E-01      1.3241E+00      1.3915E+00      1.5783E+00      8.3498E-02      7.3901E+01      1.3401E+02      1.0000E+00
      1.6306E-01      1.3066E+00      1.2704E+00      1.6106E+00      9.7581E-02      6.9290E+01      1.2677E+02      1.0000E+00
      2.5540E-01      1.0205E+00      1.0052E+00      1.0440E+00      2.4860E-01      8.4197E+01      9.4785E+01      1.0000E+00
      2.5081E-01      1.0146E+00      1.0018E+00      1.0298E+00      2.4575E-01      8.6601E+01      9.2353E+01      1.0000E+00
      2.5820E-01      1.0264E+00      1.0088E+00      1.0299E+00      2.5427E-01      8.2507E+01      9.7428E+01      1.0000E+00
      1.8041E-01      1.3901E+00      1.5707E+00      1.7222E+00      7.8542E-02      6.8182E+01      1.4002E+02      1.0000E+00
      1.6313E-01      1.3140E+00      1.2654E+00      1.6168E+00      9.7763E-02      6.9219E+01      1.2654E+02      1.0000E+00
      2.6485E-01      1.1482E+00      1.0291E+00      1.3066E+00      2.2302E-01      7.7442E+01      9.9485E+01      1.0000E+00
      2.8789E-01      1.1027E+00      1.0334E+00      1.1674E+00      2.5480E-01      7.5586E+01      9.9527E+01      1.0000E+00
      2.8977E-01      1.1502E+00      1.0454E+00      1.2451E+00      2.4804E-01      7.3784E+01      1.0059E+02      1.0000E+00
      2.4091E-01      1.2798E+00      1.1237E+00      1.4352E+00      1.8793E-01      6.7493E+01      1.1610E+02      1.0000E+00
      1.8256E-01      1.1091E+00      1.0303E+00      1.1840E+00      1.6383E-01      7.8355E+01      1.0346E+02      1.0000E+00
      2.2585E-01      1.0712E+00      1.0214E+00      1.1984E+00      2.0536E-01      8.1678E+01      9.8260E+01      1.0000E+00
      3.4561E-01      1.1435E+00      1.0557E+00      1.3140E+00      2.7801E-01      7.8996E+01      1.0736E+02      1.0000E+00
      2.6955E-01      1.3167E+00      1.1985E+00      1.6715E+00      1.6536E-01      7.2306E+01      1.2168E+02      1.0000E+00
      1.8647E-01      1.3434E+00      1.2140E+00      1.6491E+00      1.1752E-01      6.8748E+01      1.2313E+02      1.0000E+00
      2.3128E-01      1.0344E+00      1.0034E+00      1.0810E+00      2.1773E-01      8.7656E+01      9.4346E+01      1.0000E+00
      2.3890E-01      1.0205E+00      1.0042E+00      1.0406E+00      2.3007E-01      8.6622E+01      9.5233E+01      1.0000E+00
      2.2713E-01      1.0456E+00      1.0072E+00      1.0868E+00      2.1419E-01      8.6441E+01      9.6651E+01      1.0000E+00
      2.1638E-01      1.0555E+00      1.0064E+00      1.1173E+00      2.0853E-01      8.6734E+01      9.1342E+01      1.0000E+00
      1.8305E-01      1.3816E+00      1.1966E+00      1.6706E+00      1.1829E-01      6.7432E+01      1.2206E+02      1.0000E+00
      8.5240E-02      1.5214E+00      1.5081E+00      2.1391E+00      3.1589E-02      6.0676E+01      1.3752E+02      1.0000E+00
      1.1395E-01      1.3547E+00      1.1281E+00      1.7098E+00      7.6236E-02      6.3911E+01      1.0709E+02      1.0000E+00
      7.0022E-02      1.1419E+00      1.0297E+00      1.2786E+00      5.5821E-02      7.6403E+01      9.9835E+01      1.0000E+00
      4.2891E-02      1.3330E+00      1.2075E+00      1.6812E+00      2.5015E-02      7.3890E+01      1.2307E+02      1.0000E+00
      9.2297E-02      1.6456E+00      1.5577E+00      2.2737E+00      5.1902E-02      5.1286E+01      1.3291E+02      1.0000E+00
      5.7770E-02      1.2467E+00      1.0700E+00      1.4426E+00      4.0974E-02      6.9827E+01      1.0395E+02      1.0000E+00
      8.2526E-02      1.4606E+00      1.3581E+00      1.9248E+00      5.4802E-02      5.3395E+01      1.2314E+02      1.0000E+00
      1.0349E-01      1.6966E+00      1.6020E+00      2.3097E+00      5.1711E-02      5.2475E+01      1.3657E+02      1.0000E+00
      8.1514E-02      1.4691E+00      1.3187E+00      1.8856E+00      5.4042E-02      5.3225E+01      1.2174E+02      1.0000E+00
      5.3432E-02      1.1018E+00      1.0220E+00      1.2058E+00      4.5218E-02      8.4018E+01      1.0169E+02      1.0000E+00
      1.0016E-01      1.5732E+00      1.4239E+00      2.1127E+00      5.5142E-02      5.7372E+01      1.3097E+02      1.0000E+00
      5.5581E-02      1.0808E+00      1.0266E+00      1.1506E+00      4.7896E-02      8.4130E+01      1.0305E+02      1.0000E+00
      9.4091E-02      1.4808E+00      1.3338E+00      1.9673E+00      5.8485E-02      5.8837E+01      1.2598E+02      1.0000E+00
      9.8718E-02      1.4960E+00      1.3118E+00      1.9078E+00      6.2948E-02      5.8271E+01      1.2611E+02      1.0000E+00
      7.4277E-02      1.1069E+00      1.0730E+00      1.2722E+00      6.0390E-02      7.7532E+01      1.0951E+02      1.0000E+00
      7.3139E-02      1.1103E+00      1.0271E+00      1.1954E+00      6.6358E-02      7.7737E+01      1.0179E+02      1.0000E+00
      2.7826E-02      1.7941E+00      1.6855E+00      2.1792E+00      1.3989E-02      4.8290E+01      1.4098E+02      1.0000E+00
      1.4705E-02      1.1134E+00      1.0379E+00      1.3050E+00      1.2665E-02      8.4331E+01      1.0084E+02      1.0000E+00
      2.1135E-02      1.4324E+00      1.3065E+00      1.9262E+00      1.3565E-02      5.4704E+01      1.1817E+02      1.0000E+00
      2.9436E-02      1.7472E+00      1.8767E+00      2.2486E+00      1.2994E-02      4.8947E+01      1.4462E+02      1.0000E+00
      2.1414E-02      1.4325E+00      1.3421E+00      1.9199E+00      1.3742E-02      5.2789E+01      1.1915E+02      1.0000E+00
      1.4020E-02      1.0936E+00      1.0255E+00      1.2500E+00      1.2507E-02      8.4406E+01      9.6234E+01      1.0000E+00
      6.9219E-02      1.1256E+00      1.0411E+00      1.1736E+00      6.3521E-02      7.4999E+01      1.0523E+02      1.0000E+00
      6.6293E-02      1.1424E+00      1.0221E+00      1.2148E+00      6.1378E-02      8.4110E+01      9.5433E+01      1.0000E+00
      3.6489E-02      1.4152E+00      1.1357E+00      1.6272E+00      2.6022E-02      7.2302E+01      1.1005E+02      1.0000E+00
      1.5493E-02      1.3226E+00      1.0962E+00      1.5133E+00      1.2127E-02      7.4336E+01      1.0247E+02      1.0000E+00
      6.9670E-02      1.1821E+00      1.0374E+00      1.2554E+00      6.2127E-02      8.1506E+01      9.9497E+01      1.0000E+00
      8.6812E-02      1.0608E+00      1.0308E+00      1.1145E+00      8.0233E-02      7.9953E+01      1.0357E+02      1.0000E+00
      4.4922E-02      1.3629E+00      1.3637E+00      1.6696E+00      2.1890E-02      7.2467E+01      1.3269E+02      1.0000E+00
      9.0652E-02      1.6208E+00      1.6104E+00      2.2509E+00      4.8117E-02      5.2162E+01      1.3520E+02      1.0000E+00
      5.0745E-02      1.1454E+00      1.0404E+00      1.2911E+00      3.9538E-02      7.4013E+01      9.9491E+01      1.0000E+00
      7.6860E-02      1.5032E+00      1.4034E+00      1.9734E+00      5.0310E-02      5.1481E+01      1.2531E+02      1.0000E+00
      9.3378E-02      1.6122E+00      1.5646E+00      2.2417E+00      4.9538E-02      5.3533E+01      1.3417E+02      1.0000E+00
      7.9315E-02      1.4648E+00      1.3220E+00      1.9135E+00      5.2365E-02      5.4000E+01      1.2165E+02      1.0000E+00
      5.0761E-02      1.1269E+00      1.0315E+00      1.2351E+00      4.0786E-02      8.1499E+01      1.0418E+02      1.0000E+00
      8.2740E-02      1.0562E+00      1.0128E+00      1.1427E+00      7.4851E-02      8.1213E+01      9.5048E+01      1.0000E+00
      6.4464E-02      1.0459E+00      1.0076E+00      1.1137E+00      5.9799E-02      8.5898E+01      9.6197E+01      1.0000E+00
      1.5924E-02      1.0655E+00      1.0063E+00      1.1178E+00      1.4681E-02      8.5196E+01      9.4210E+01      1.0000E+00
      1.7049E-02      1.0417E+00      1.0028E+00      1.0776E+00      1.6171E-02      8.6158E+01      9.2083E+01      1.0000E+00
      1.3447E-02      1.0580E+00      1.0091E+00      1.1218E+00      1.2031E-02      8.5576E+01      9.7650E+01      1.0000E+00
      1.5710E-02      1.0189E+00      1.0010E+00      1.0494E+00      1.5314E-02      8.8516E+01      9.1619E+01      1.0000E+00
      1.7244E-02      1.0364E+00      1.0049E+00      1.0656E+00      1.6477E-02      8.4450E+01      9.3315E+01      1.0000E+00
      1.6741E-02      1.0647E+00      1.0176E+00      1.0999E+00      1.5823E-02      8.1900E+01      1.0049E+02      1.0000E+00
      1.5788E-02      1.0164E+00      1.0011E+00      1.0468E+00      1.5293E-02      8.8101E+01      9.1673E+01      1.0000E+00
      1.4227E-02      1.1578E+00      1.0460E+00      1.3340E+00      1.1783E-02      7.8050E+01      1.0500E+02      1.0000E+00
      1.0014E-02      1.3441E+00      1.2358E+00      1.6894E+00      6.0535E-03      6.9342E+01      1.2432E+02      1.0000E+00
      1.7731E-02      1.1628E+00      1.0362E+00      1.2260E+00      1.5796E-02      7.7943E+01      1.0101E+02      1.0000E+00
      1.8259E-02      1.1445E+00      1.0286E+00      1.2318E+00      1.6890E-02      8.0774E+01      9.8098E+01      1.0000E+00
      1.7242E-02      1.1442E+00      1.0287E+00      1.1922E+00      1.5719E-02      7.9957E+01      1.0011E+02      1.0000E+00
      8.8053E-03      1.4073E+00      1.3131E+00      1.7821E+00      4.8826E-03      6.6725E+01      1.2893E+02      1.0000E+00
      1.7788E-02      1.1253E+00      1.0217E+00      1.1970E+00      1.6791E-02      8.2892E+01      9.6799E+01      1.0000E+00
      9.2644E-03      1.3455E+00      1.4212E+00      1.8833E+00      4.5915E-03      6.9807E+01      1.3184E+02      1.0000E+00
      4.3258E-02      1.3566E+00      1.3731E+00      1.6364E+00      2.1058E-02      7.3053E+01      1.3319E+02      1.0000E+00
      7.3620E-02      1.0933E+00      1.0297E+00      1.1614E+00      6.7143E-02      7.8084E+01      1.0323E+02      1.0000E+00
      6.9274E-02      1.1233E+00      1.0213E+00      1.1912E+00      6.3461E-02      8.3798E+01      9.8161E+01      1.0000E+00
      6.8672E-02      1.0391E+00      1.0022E+00      1.0623E+00      6.6500E-02      8.8425E+01      9.2476E+01      1.0000E+00
      6.1596E-02      1.0472E+00      1.0037E+00      1.0690E+00      6.0078E-02      8.6837E+01      9.3210E+01      1.0000E+00
      6.7034E-02      1.0238E+00      1.0009E+00      1.0395E+00      6.6365E-02      8.8867E+01      9.1021E+01      1.0000E+00
      6.0756E-02      1.0369E+00      1.0016E+00      1.0527E+00      5.9451E-02      8.8409E+01      9.1544E+01      1.0000E+00
      5.7250E-02      1.0351E+00      1.0054E+00      1.1008E+00      5.5570E-02      8.7810E+01      9.2248E+01      1.0000E+00
      5.1029E-02      1.0870E+00      1.0162E+00      1.1931E+00      4.7026E-02      8.7239E+01      9.6788E+01      1.0000E+00
      1.7778E-02      1.0977E+00      1.0135E+00      1.1707E+00      1.6861E-02      8.3954E+01      9.4614E+01      1.0000E+00
      8.4775E-03      1.4398E+00      1.2768E+00      1.7212E+00      5.1177E-03      6.3915E+01      1.2749E+02      1.0000E+00
      1.6617E-02      1.1378E+00      1.0264E+00      1.2211E+00      1.4934E-02      7.9486E+01      1.0031E+02      1.0000E+00
      1.7669E-02      1.1157E+00      1.0194E+00      1.1852E+00      1.6761E-02      8.3092E+01      9.6478E+01      1.0000E+00
      1.6989E-02      1.1392E+00      1.0275E+00      1.1965E+00      1.5433E-02      7.9682E+01      1.0007E+02      1.0000E+00
      8.8102E-03      1.4097E+00      1.3099E+00      1.7729E+00      4.9016E-03      6.6677E+01      1.2890E+02      1.0000E+00
      1.1352E-02      1.1362E+00      1.0316E+00      1.2782E+00      9.9066E-03      8.4571E+01      9.9310E+01      1.0000E+00
      1.4888E-02      1.0437E+00      1.0026E+00      1.0648E+00      1.4398E-02      8.7939E+01      9.2685E+01      1.0000E+00
      1.5470E-02      1.0768E+00      1.0318E+00      1.2509E+00      1.3719E-02      8.1320E+01      9.8456E+01      1.0000E+00
      1.6377E-02      1.0629E+00      1.0071E+00      1.1247E+00      1.5565E-02      8.5809E+01      9.1655E+01      1.0000E+00
      1.5581E-02      1.0200E+00      1.0005E+00      1.0356E+00      1.5179E-02      8.8485E+01      9.1444E+01      1.0000E+00
      1.4499E-02      1.1497E+00      1.0502E+00      1.3408E+00      1.2141E-02      7.7159E+01      1.0467E+02      1.0000E+00
      1.6924E-02      1.0454E+00      1.0040E+00      1.0820E+00      1.6356E-02      8.5845E+01      9.2750E+01      1.0000E+00
      1.7088E-02      1.0545E+00      1.0127E+00      1.1006E+00      1.6236E-02      8.1254E+01      9.8492E+01      1.0000E+00
      1.1886E-02      1.2640E+00      1.4103E+00      1.3882E+00      6.4779E-03      7.0350E+01      1.3484E+02      1.0000E+00
      6.8492E-02      1.1387E+00      1.0253E+00      1.2140E+00      6.2767E-02      8.3596E+01      9.7943E+01      1.0000E+00
      4.3170E-02      1.3161E+00      1.4012E+00      1.5629E+00      2.1156E-02      7.3558E+01      1.3441E+02      1.0000E+00
      7.0901E-02      1.1225E+00      1.0312E+00      1.1703E+00      6.5471E-02      7.7628E+01      1.0148E+02      1.0000E+00
      6.6976E-02      1.0296E+00      1.0025E+00      1.0644E+00      6.6299E-02      8.7864E+01      9.1868E+01      1.0000E+00
      6.8684E-02      1.0895E+00      1.0196E+00      1.1719E+00      6.1697E-02      7.9096E+01      9.8075E+01      1.0000E+00
      6.5952E-02      1.0376E+00      1.0031E+00      1.0628E+00      6.4469E-02      8.6497E+01      9.2892E+01      1.0000E+00
      6.5335E-02      1.1178E+00      1.0245E+00      1.2554E+00      5.6642E-02      7.8737E+01      9.8793E+01      1.0000E+00
      4.0377E-02      1.3983E+00      1.2576E+00      1.6490E+00      2.5553E-02      6.4172E+01      1.2634E+02      1.0000E+00
      1.0072E-02      1.3636E+00      1.3301E+00      1.7321E+00      5.4209E-03      6.9015E+01      1.2998E+02      1.0000E+00
      1.9300E-02      1.2511E+00      1.0586E+00      1.4985E+00      1.4462E-02      7.7721E+01      1.0738E+02      1.0000E+00
      1.7343E-02      1.3598E+00      1.2887E+00      1.8675E+00      8.8996E-03      6.9846E+01      1.2675E+02      1.0000E+00
      1.1506E-02      1.2176E+00      1.2584E+00      1.2705E+00      7.9913E-03      6.8414E+01      1.2735E+02      1.0000E+00
      2.4909E-02      1.3643E+00      1.3572E+00      1.7265E+00      1.4532E-02      6.3720E+01      1.3004E+02      1.0000E+00
      2.4202E-02      1.4893E+00      1.4743E+00      1.7369E+00      1.3858E-02      5.6332E+01      1.3585E+02      1.0000E+00
      6.1089E-02      1.2078E+00      1.1534E+00      1.4148E+00      4.2393E-02      7.4049E+01      1.1910E+02      1.0000E+00
      6.8709E-02      1.1241E+00      1.0302E+00      1.1828E+00      6.1903E-02      7.8240E+01      1.0324E+02      1.0000E+00
      1.3508E-02      1.1580E+00      1.0392E+00      1.3225E+00      1.0054E-02      7.4223E+01      1.0384E+02      1.0000E+00
      1.9970E-02      1.4789E+00      1.3383E+00      1.9219E+00      1.3018E-02      5.2517E+01      1.2191E+02      1.0000E+00
      2.2819E-02      1.6725E+00      1.5993E+00      2.3244E+00      1.2425E-02      5.0671E+01      1.3425E+02      1.0000E+00
      2.0391E-02      1.4591E+00      1.3266E+00      1.9133E+00      1.3302E-02      5.3300E+01      1.2083E+02      1.0000E+00
      1.3140E-02      1.0922E+00      1.0187E+00      1.2107E+00      1.1471E-02      8.4974E+01      9.9426E+01      1.0000E+00
      2.6481E-02      1.7091E+00      1.6942E+00      2.2782E+00      1.2660E-02      5.1222E+01      1.3974E+02      1.0000E+00
      7.0317E-02      1.2170E+00      1.0818E+00      1.2801E+00      6.0144E-02      7.0344E+01      1.1152E+02      1.0000E+00
      7.2163E-02      1.1864E+00      1.0350E+00      1.2808E+00      6.3679E-02      8.0642E+01      9.7661E+01      1.0000E+00
      1.3781E-02      1.1331E+00      1.0525E+00      1.1794E+00      1.1906E-02      7.6789E+01      1.0817E+02      1.0000E+00
      1.5149E-02      1.3508E+00      1.2687E+00      1.5145E+00      1.1310E-02      5.2018E+01      1.1830E+02      1.0000E+00
      2.5139E-02      1.7916E+00      1.6611E+00      2.3404E+00      1.1050E-02      5.2919E+01      1.4052E+02      1.0000E+00
      4.2933E-02      1.3132E+00      1.4060E+00      1.5587E+00      2.1058E-02      7.3375E+01      1.3460E+02      1.0000E+00
      6.8101E-02      1.1431E+00      1.0290E+00      1.2171E+00      6.2217E-02      8.2153E+01      9.9506E+01      1.0000E+00
      7.0653E-02      1.1233E+00      1.0279E+00      1.1677E+00      6.5074E-02      7.8672E+01      1.0073E+02      1.0000E+00
      6.3214E-02      1.0208E+00      1.0084E+00      1.0307E+00      6.1591E-02      8.2620E+01      9.5930E+01      1.0000E+00
      6.4809E-02      1.0162E+00      1.0035E+00      1.0408E+00      6.3668E-02      8.6076E+01      9.4324E+01      1.0000E+00
      6.4205E-02      1.0111E+00      1.0024E+00      1.0292E+00      6.3238E-02      8.6659E+01      9.3704E+01      1.0000E+00
      6.3320E-02      1.0221E+00      1.0020E+00      1.0410E+00      6.1272E-02      8.6425E+01      9.2130E+01      1.0000E+00
      7.1801E-02      1.0834E+00      1.0230E+00      1.1310E+00      6.5672E-02      7.8131E+01      9.8389E+01      1.0000E+00
      4.3621E-02      1.3618E+00      1.2549E+00      1.6999E+00      2.6010E-02      6.8176E+01      1.2568E+02      1.0000E+00
      6.3896E-02      1.1494E+00      1.0320E+00      1.3108E+00      5.4496E-02      7.7591E+01      1.0085E+02      1.0000E+00
      9.5618E-02      1.6903E+00      1.4542E+00      2.5128E+00      4.6453E-02      5.8662E+01      1.3008E+02      1.0000E+00
      1.1109E-01      1.2151E+00      1.1040E+00      1.4537E+00      8.8946E-02      6.8088E+01      1.0981E+02      1.0000E+00
      3.1969E-02      1.2573E+00      1.0972E+00      1.5413E+00      2.4046E-02      7.6425E+01      1.0558E+02      1.0000E+00
      3.9451E-02      1.2296E+00      1.1246E+00      1.6694E+00      2.7770E-02      7.6369E+01      1.0927E+02      1.0000E+00
      7.2907E-02      1.9176E+00      3.7176E+00      2.2538E+00      1.2239E-02      5.0908E+01      1.6434E+02      1.0000E+00
      5.5712E-02      1.1663E+00      1.0392E+00      1.3177E+00      4.6494E-02      8.0444E+01      9.9872E+01      1.0000E+00
      8.4513E-02      1.4563E+00      1.2872E+00      1.9394E+00      5.3277E-02      5.4531E+01      1.1737E+02      1.0000E+00
      1.1444E-01      2.0781E+00      1.8151E+00      2.7381E+00      4.8462E-02      4.6232E+01      1.4276E+02      1.0000E+00
      8.3474E-02      1.4835E+00      1.3285E+00      1.8729E+00      5.4801E-02      5.1380E+01      1.2176E+02      1.0000E+00
      5.4410E-02      1.1454E+00      1.0303E+00      1.2689E+00      4.3971E-02      8.0444E+01      1.0271E+02      1.0000E+00
      9.8287E-02      1.6765E+00      1.6333E+00      2.3247E+00      5.2264E-02      5.0437E+01      1.3553E+02      1.0000E+00
      6.9640E-02      1.0272E+00      1.0052E+00      1.0869E+00      6.6036E-02      8.6730E+01      9.4520E+01      1.0000E+00
      6.8855E-02      1.0327E+00      1.0022E+00      1.0653E+00      6.7076E-02      8.8764E+01      9.2654E+01      1.0000E+00
      8.1334E-02      1.0586E+00      1.0112E+00      1.1141E+00      7.3028E-02      8.1481E+01      9.3191E+01      1.0000E+00
      6.7829E-02      1.0387E+00      1.0025E+00      1.0696E+00      6.5169E-02      8.8419E+01      9.2942E+01      1.0000E+00
      6.6016E-02      1.0282E+00      1.0019E+00      1.0391E+00      6.4858E-02      8.7126E+01      9.2814E+01      1.0000E+00
      6.6079E-02      1.0370E+00      1.0074E+00      1.0774E+00      6.3015E-02      8.3119E+01      9.5746E+01      1.0000E+00
      7.0838E-02      1.0498E+00      1.0101E+00      1.0973E+00      6.5590E-02      8.1913E+01      9.3895E+01      1.0000E+00
      5.1932E-02      1.2696E+00      1.3369E+00      1.4083E+00      3.0034E-02      7.0332E+01      1.3157E+02      1.0000E+00
      3.9907E-02      1.3551E+00      1.2962E+00      1.6778E+00      2.3089E-02      6.7568E+01      1.2825E+02      1.0000E+00
      8.1087E-02      1.4620E+00      1.3573E+00      1.9696E+00      4.5152E-02      6.2620E+01      1.2869E+02      1.0000E+00
      5.6222E-02      1.1950E+00      1.0931E+00      1.3806E+00      4.2092E-02      7.6142E+01      1.1304E+02      1.0000E+00
      5.9130E-02      1.2476E+00      1.2014E+00      1.2647E+00      5.0771E-02      5.6346E+01      1.1827E+02      1.0000E+00
      5.6190E-02      1.2256E+00      1.3076E+00      1.3373E+00      3.5316E-02      6.9317E+01      1.3002E+02      1.0000E+00
      1.6843E-01      1.3738E+00      1.1987E+00      1.7125E+00      1.1219E-01      6.5970E+01      1.2075E+02      1.0000E+00
      1.4525E-01      1.2235E+00      1.1111E+00      1.4369E+00      9.8737E-02      7.8390E+01      1.1556E+02      1.0000E+00
      2.2649E-01      1.0681E+00      1.0185E+00      1.1897E+00      2.0281E-01      8.1920E+01      9.4685E+01      1.0000E+00
      2.6352E-01      1.0367E+00      1.0025E+00      1.0675E+00      2.5068E-01      8.6186E+01      9.1780E+01      1.0000E+00
      2.6351E-01      1.0367E+00      1.0024E+00      1.0675E+00      2.5068E-01      8.6188E+01      9.1783E+01      1.0000E+00
      2.2648E-01      1.0681E+00      1.0185E+00      1.1898E+00      2.0280E-01      8.1921E+01      9.4683E+01      1.0000E+00
      1.4524E-01      1.2235E+00      1.1111E+00      1.4369E+00      9.8731E-02      7.8391E+01      1.1556E+02      1.0000E+00
      1.6839E-01      1.3737E+00      1.1986E+00      1.7123E+00      1.1217E-01      6.5979E+01      1.2074E+02      1.0000E+00
      2.2757E-01      1.1576E+00      1.0459E+00      1.3005E+00      1.7491E-01      7.3007E+01      9.9731E+01      1.0000E+00
      1.2383E-01      1.2168E+00      1.1025E+00      1.5033E+00      8.1510E-02      7.4321E+01      1.1392E+02      1.0000E+00
      1.3255E-01      1.2232E+00      1.1983E+00      1.5498E+00      9.3543E-02      6.8901E+01      1.1904E+02      1.0000E+00
      1.3228E-01      1.2246E+00      1.1987E+00      1.5515E+00      9.3361E-02      6.8804E+01      1.1907E+02      1.0000E+00
      1.2260E-01      1.2185E+00      1.1018E+00      1.4996E+00      8.0829E-02      7.4424E+01      1.1393E+02      1.0000E+00
      2.2300E-01      1.1619E+00      1.0470E+00      1.3160E+00      1.7110E-01      7.2830E+01      9.9707E+01      1.0000E+00
      1.6108E-01      1.3975E+00      1.1925E+00      1.7234E+00      1.0861E-01      6.5093E+01      1.2046E+02      1.0000E+00
      1.3300E-01      1.1659E+00      1.1139E+00      1.3281E+00      9.5098E-02      7.9928E+01      1.1593E+02      1.0000E+00
      2.0220E-01      1.1695E+00      1.0518E+00      1.2678E+00      1.7159E-01      7.2976E+01      1.0183E+02      1.0000E+00
      1.1347E-01      1.4394E+00      1.2839E+00      2.0149E+00      6.3785E-02      6.6896E+01      1.2402E+02      1.0000E+00
      6.8531E-02      1.2688E+00      1.0819E+00      1.4122E+00      5.1301E-02      7.8496E+01      1.0987E+02      1.0000E+00
      7.1427E-02      1.0587E+00      1.0095E+00      1.0812E+00      6.8267E-02      8.2907E+01      9.6378E+01      1.0000E+00
      6.5105E-02      1.0241E+00      1.0038E+00      1.0836E+00      6.2176E-02      8.7349E+01      9.2376E+01      1.0000E+00
      5.6718E-02      1.0554E+00      1.0161E+00      1.1635E+00      5.3323E-02      8.3978E+01      9.5483E+01      1.0000E+00
      4.5932E-02      1.1146E+00      1.0494E+00      1.3244E+00      4.1330E-02      8.1021E+01      9.7767E+01      1.0000E+00
      2.8901E-02      1.2884E+00      1.1291E+00      1.6025E+00      1.9976E-02      7.8992E+01      1.1501E+02      1.0000E+00
      3.5020E-02      1.3767E+00      1.2158E+00      1.8651E+00      2.2735E-02      6.6478E+01      1.1865E+02      1.0000E+00
      5.1960E-02      1.1764E+00      1.0562E+00      1.3186E+00      4.0938E-02      7.1517E+01      9.8993E+01      1.0000E+00
      3.1327E-02      1.1707E+00      1.0998E+00      1.3567E+00      2.2293E-02      8.0154E+01      1.1426E+02      1.0000E+00
      3.7348E-02      1.3855E+00      1.1977E+00      1.7211E+00      2.5760E-02      6.4111E+01      1.2007E+02      1.0000E+00
      5.1393E-02      1.1578E+00      1.0515E+00      1.3211E+00      3.8668E-02      7.1991E+01      1.0059E+02      1.0000E+00
      2.8666E-02      1.1981E+00      1.1024E+00      1.4704E+00      1.9430E-02      7.6601E+01      1.1370E+02      1.0000E+00
      3.2090E-02      1.2703E+00      1.1939E+00      1.6325E+00      2.2628E-02      6.7452E+01      1.1805E+02      1.0000E+00
      3.4895E-02      1.2142E+00      1.1329E+00      1.4470E+00      2.7700E-02      6.7953E+01      1.1429E+02      1.0000E+00
      3.7279E-02      1.2725E+00      1.1386E+00      1.5673E+00      2.8388E-02      6.7563E+01      1.1415E+02      1.0000E+00
      4.0047E-02      1.2261E+00      1.1259E+00      1.4605E+00      3.1470E-02      6.8600E+01      1.1399E+02      1.0000E+00
      4.5301E-02      1.2522E+00      1.1603E+00      1.5851E+00      3.2641E-02      6.9434E+01      1.1600E+02      1.0000E+00
      5.6992E-02      1.1397E+00      1.1244E+00      1.2873E+00      4.4331E-02      7.4319E+01      1.1611E+02      1.0000E+00
      9.3280E-02      1.5400E+00      1.3565E+00      2.1630E+00      4.5562E-02      6.6057E+01      1.2929E+02      1.0000E+00
      2.3822E-01      1.1941E+00      1.0692E+00      1.4753E+00      1.6668E-01      7.3167E+01      1.0773E+02      1.0000E+00
      1.6657E-01      1.4264E+00      1.2159E+00      1.7553E+00      1.1006E-01      6.3636E+01      1.2224E+02      1.0000E+00
      1.4322E-01      1.2161E+00      1.1125E+00      1.4157E+00      9.9139E-02      8.0096E+01      1.1570E+02      1.0000E+00
      2.2113E-01      1.0752E+00      1.0186E+00      1.2030E+00      1.9854E-01      8.3384E+01      9.4746E+01      1.0000E+00
      2.5644E-01      1.0489E+00      1.0039E+00      1.0915E+00      2.4153E-01      8.6975E+01      9.3667E+01      1.0000E+00
      2.5949E-01      1.0441E+00      1.0039E+00      1.0688E+00      2.4780E-01      8.5411E+01      9.3092E+01      1.0000E+00
      2.2632E-01      1.0681E+00      1.0175E+00      1.1822E+00      2.0325E-01      8.1678E+01      9.4742E+01      1.0000E+00
      1.4599E-01      1.2200E+00      1.1107E+00      1.4293E+00      9.9152E-02      7.8334E+01      1.1556E+02      1.0000E+00
      1.6974E-01      1.3830E+00      1.2055E+00      1.7196E+00      1.1264E-01      6.5398E+01      1.2131E+02      1.0000E+00
      2.2914E-01      1.1648E+00      1.0472E+00      1.3126E+00      1.7599E-01      7.2827E+01      9.9636E+01      1.0000E+00
      1.2453E-01      1.2205E+00      1.1047E+00      1.5062E+00      8.1788E-02      7.4414E+01      1.1420E+02      1.0000E+00
      1.3341E-01      1.2277E+00      1.2000E+00      1.5544E+00      9.3856E-02      6.8736E+01      1.1926E+02      1.0000E+00
      1.3350E-01      1.2276E+00      1.2022E+00      1.5561E+00      9.4014E-02      6.8558E+01      1.1931E+02      1.0000E+00
      1.2415E-01      1.2179E+00      1.1021E+00      1.5026E+00      8.1698E-02      7.4288E+01      1.1392E+02      1.0000E+00
      2.2753E-01      1.1557E+00      1.0445E+00      1.2984E+00      1.7531E-01      7.3259E+01      9.9762E+01      1.0000E+00
      1.6804E-01      1.3735E+00      1.2026E+00      1.7180E+00      1.1170E-01      6.5816E+01      1.2090E+02      1.0000E+00
      1.4434E-01      1.2272E+00      1.1083E+00      1.4439E+00      9.8301E-02      7.8167E+01      1.1523E+02      1.0000E+00
      2.2481E-01      1.0723E+00      1.0200E+00      1.1974E+00      2.0168E-01      8.1735E+01      9.4907E+01      1.0000E+00
      2.6161E-01      1.0405E+00      1.0028E+00      1.0766E+00      2.4946E-01      8.6177E+01      9.1516E+01      1.0000E+00
      2.6157E-01      1.0406E+00      1.0029E+00      1.0771E+00      2.4937E-01      8.6197E+01      9.1556E+01      1.0000E+00
      2.2471E-01      1.0725E+00      1.0201E+00      1.1982E+00      2.0158E-01      8.1752E+01      9.4899E+01      1.0000E+00
      1.4424E-01      1.2276E+00      1.1084E+00      1.4450E+00      9.8240E-02      7.8176E+01      1.1524E+02      1.0000E+00
      1.6755E-01      1.3705E+00      1.1998E+00      1.7138E+00      1.1151E-01      6.6052E+01      1.2072E+02      1.0000E+00
      2.2683E-01      1.1538E+00      1.0446E+00      1.2942E+00      1.7470E-01      7.3231E+01      9.9770E+01      1.0000E+00
      1.2377E-01      1.2154E+00      1.1016E+00      1.5015E+00      8.1535E-02      7.4279E+01      1.1381E+02      1.0000E+00
      1.3283E-01      1.2229E+00      1.1993E+00      1.5512E+00      9.3699E-02      6.8877E+01      1.1906E+02      1.0000E+00
      1.3285E-01      1.2228E+00      1.1988E+00      1.5505E+00      9.3737E-02      6.8899E+01      1.1904E+02      1.0000E+00
      1.2394E-01      1.2166E+00      1.1025E+00      1.5033E+00      8.1582E-02      7.4317E+01      1.1391E+02      1.0000E+00
      2.2768E-01      1.1575E+00      1.0459E+00      1.3005E+00      1.7500E-01      7.3012E+01      9.9733E+01      1.0000E+00
      2.4933E-01      1.0424E+00      1.0026E+00      1.0661E+00      2.4390E-01      8.7754E+01      9.2068E+01      1.0000E+00
      2.4913E-01      1.0440E+00      1.0027E+00      1.0672E+00      2.4396E-01      8.7899E+01      9.2084E+01      1.0000E+00
      2.1792E-01      1.1307E+00      1.0705E+00      1.2917E+00      1.8892E-01      7.1939E+01      1.0721E+02      1.0000E+00
      1.3539E-01      1.1219E+00      1.1194E+00      1.4104E+00      1.1094E-01      7.2794E+01      1.0880E+02      1.0000E+00
      6.0211E-02      1.2567E+00      1.1612E+00      1.7491E+00      3.7939E-02      7.1203E+01      1.1273E+02      1.0000E+00
      4.2753E-02      1.1472E+00      1.0713E+00      1.3596E+00      3.1965E-02      8.0976E+01      1.0975E+02      1.0000E+00
      5.6935E-02      1.0952E+00      1.0153E+00      1.1939E+00      5.0658E-02      8.3376E+01      9.9024E+01      1.0000E+00
      5.0169E-02      1.0884E+00      1.0174E+00      1.2086E+00      4.2490E-02      8.0737E+01      9.8258E+01      1.0000E+00
      3.0098E-02      1.1754E+00      1.1103E+00      1.3664E+00      2.1275E-02      7.9034E+01      1.1534E+02      1.0000E+00
      3.3742E-02      1.4936E+00      1.2180E+00      1.7880E+00      2.3394E-02      6.0448E+01      1.2159E+02      1.0000E+00
      4.7070E-02      1.2315E+00      1.1292E+00      1.6174E+00      3.5560E-02      7.1573E+01      9.8152E+01      1.0000E+00
      2.9101E-02      1.3152E+00      1.1061E+00      1.5417E+00      2.4343E-02      7.9876E+01      1.0188E+02      1.0000E+00
      2.0068E-02      1.2385E+00      1.0571E+00      1.3896E+00      1.7407E-02      7.8124E+01      9.9420E+01      1.0000E+00
      1.5475E-02      1.1292E+00      1.0249E+00      1.1736E+00      1.4143E-02      8.0580E+01      1.0003E+02      1.0000E+00
      1.1885E-02      1.0980E+00      1.0291E+00      1.2373E+00      1.0528E-02      7.9965E+01      1.0093E+02      1.0000E+00
      7.2241E-03      1.1761E+00      1.0884E+00      1.3783E+00      5.1076E-03      7.9073E+01      1.1286E+02      1.0000E+00
      8.2267E-03      1.5100E+00      1.2366E+00      1.8253E+00      5.7061E-03      5.8377E+01      1.2281E+02      1.0000E+00
      1.2122E-02      1.2105E+00      1.1700E+00      1.7548E+00      8.0336E-03      7.3564E+01      1.0934E+02      1.0000E+00
      1.1962E-02      1.1969E+00      1.1333E+00      1.5372E+00      9.2382E-03      7.0915E+01      1.1082E+02      1.0000E+00
      6.5974E-03      1.5155E+00      1.2520E+00      2.1559E+00      4.1461E-03      6.1729E+01      1.1758E+02      1.0000E+00
      5.0444E-03      1.3171E+00      1.1595E+00      1.6698E+00      3.6761E-03      7.8040E+01      1.1493E+02      1.0000E+00
      8.0374E-03      1.2003E+00      1.0857E+00      1.5074E+00      6.7089E-03      8.4072E+01      1.0180E+02      1.0000E+00
      1.0693E-02      1.2824E+00      1.0811E+00      1.4761E+00      8.0809E-03      7.0271E+01      1.0139E+02      1.0000E+00
      7.1347E-03      1.3171E+00      1.2258E+00      1.8071E+00      4.9717E-03      6.5171E+01      1.1649E+02      1.0000E+00
      6.0998E-03      1.2059E+00      1.1228E+00      1.5490E+00      4.1890E-03      7.7810E+01      1.1353E+02      1.0000E+00
      1.1703E-02      1.2444E+00      1.0837E+00      1.5152E+00      7.7528E-03      6.7403E+01      1.0677E+02      1.0000E+00
      9.1392E-03      1.3880E+00      1.1718E+00      1.6338E+00      6.8535E-03      6.1222E+01      1.1751E+02      1.0000E+00
      9.3660E-03      1.3343E+00      1.1343E+00      1.6059E+00      7.0248E-03      6.6480E+01      1.1515E+02      1.0000E+00
      1.1577E-02      1.2125E+00      1.1642E+00      1.3765E+00      9.7385E-03      6.2801E+01      1.1713E+02      1.0000E+00
      1.3576E-02      1.5830E+00      1.2431E+00      1.9196E+00      7.6293E-03      5.9441E+01      1.1612E+02      1.0000E+00
      3.5938E-02      1.9177E+00      1.5665E+00      2.3650E+00      1.9330E-02      5.9086E+01      1.2827E+02      1.0000E+00
      6.3624E-02      1.3953E+00      1.6339E+00      2.2089E+00      4.0480E-02      5.9311E+01      1.2546E+02      1.0000E+00
      5.8004E-02      1.2762E+00      1.2464E+00      1.8023E+00      4.1992E-02      6.4945E+01      1.0898E+02      1.0000E+00
      4.1305E-02      1.2760E+00      1.1015E+00      1.4684E+00      3.6198E-02      6.9996E+01      1.0678E+02      1.0000E+00
      6.5588E-02      1.8721E+00      1.4971E+00      2.4655E+00      3.5836E-02      4.4816E+01      1.2314E+02      1.0000E+00
      8.3318E-02      1.6248E+00      1.3810E+00      2.1516E+00      4.7763E-02      4.7062E+01      1.1392E+02      1.0000E+00
      8.1697E-02      1.3111E+00      1.1339E+00      1.5338E+00      5.7556E-02      6.2542E+01      1.0606E+02      1.0000E+00
      8.4738E-02      1.2955E+00      1.1539E+00      1.4753E+00      6.3342E-02      6.0466E+01      1.1058E+02      1.0000E+00
      9.6568E-02      1.5908E+00      1.2698E+00      1.8932E+00      5.9136E-02      5.5386E+01      1.1541E+02      1.0000E+00
      1.6360E-01      1.2378E+00      1.2612E+00      1.8802E+00      1.1345E-01      6.9033E+01      1.1080E+02      1.0000E+00
      1.8505E-01      1.2224E+00      1.1720E+00      1.7561E+00      1.2345E-01      7.2224E+01      1.0778E+02      1.0000E+00
      1.2716E-01      1.5151E+00      1.2364E+00      1.8100E+00      8.8592E-02      5.8820E+01      1.2243E+02      1.0000E+00
      1.1045E-01      1.1577E+00      1.0926E+00      1.3327E+00      7.8651E-02      8.0424E+01      1.1357E+02      1.0000E+00
      1.7723E-01      1.1020E+00      1.0171E+00      1.2171E+00      1.5383E-01      8.4246E+01      9.9576E+01      1.0000E+00
      2.3203E-01      1.1529E+00      1.0549E+00      1.3643E+00      1.8561E-01      7.3192E+01      1.0061E+02      1.0000E+00
      1.4997E-01      1.4103E+00      1.2182E+00      1.8418E+00      9.8429E-02      6.4444E+01      1.2020E+02      1.0000E+00
      1.2864E-01      1.2560E+00      1.1024E+00      1.5459E+00      8.8137E-02      7.5981E+01      1.1268E+02      1.0000E+00
      2.1989E-01      1.1232E+00      1.0714E+00      1.3243E+00      1.8296E-01      7.1718E+01      1.0402E+02      1.0000E+00
      2.2024E-02      1.2832E+00      1.1371E+00      1.4645E+00      1.6762E-02      6.2158E+01      1.1055E+02      1.0000E+00
      2.1861E-02      1.2891E+00      1.1406E+00      1.4836E+00      1.6611E-02      6.1866E+01      1.1149E+02      1.0000E+00
      2.4599E-02      1.5847E+00      1.2624E+00      1.8913E+00      1.5177E-02      5.6030E+01      1.1531E+02      1.0000E+00
      4.1740E-02      1.2415E+00      1.2674E+00      1.8837E+00      2.8763E-02      6.8743E+01      1.1183E+02      1.0000E+00
      4.1422E-02      1.2304E+00      1.2537E+00      1.8621E+00      2.8805E-02      6.9739E+01      1.1070E+02      1.0000E+00
      2.4519E-02      1.5780E+00      1.2643E+00      1.9010E+00      1.5067E-02      5.5478E+01      1.1558E+02      1.0000E+00
      2.1824E-02      1.2733E+00      1.1353E+00      1.4827E+00      1.6426E-02      6.2107E+01      1.1001E+02      1.0000E+00
      2.1765E-02      1.2744E+00      1.1338E+00      1.4848E+00      1.6337E-02      6.2274E+01      1.0971E+02      1.0000E+00
      2.4224E-02      1.5806E+00      1.2706E+00      1.8932E+00      1.4853E-02      5.4915E+01      1.1569E+02      1.0000E+00
      4.0838E-02      1.2367E+00      1.2633E+00      1.9280E+00      2.7858E-02      7.0886E+01      1.0924E+02      1.0000E+00
      4.1442E-02      1.3175E+00      1.4580E+00      2.1439E+00      2.5390E-02      6.2708E+01      1.2015E+02      1.0000E+00
      1.7157E-02      2.1285E+00      1.6733E+00      2.5015E+00      9.3669E-03      4.1368E+01      1.3590E+02      1.0000E+00
      9.7827E-03      1.1506E+00      1.0698E+00      1.2225E+00      8.7991E-03      6.9698E+01      1.0580E+02      1.0000E+00
      7.5029E-03      1.3227E+00      1.1674E+00      1.7064E+00      5.4298E-03      6.4345E+01      1.1344E+02      1.0000E+00
      7.2257E-03      1.2860E+00      1.1566E+00      1.6288E+00      5.2802E-03      6.3723E+01      1.1172E+02      1.0000E+00
      9.1542E-03      1.3046E+00      1.1001E+00      1.5578E+00      6.2511E-03      6.7514E+01      1.0521E+02      1.0000E+00
      5.1155E-03      1.1574E+00      1.1047E+00      1.4215E+00      3.8385E-03      7.8878E+01      1.1187E+02      1.0000E+00
      6.4513E-03      1.5389E+00      1.2488E+00      2.0520E+00      4.1084E-03      5.8369E+01      1.1923E+02      1.0000E+00
      1.1578E-02      1.1971E+00      1.1623E+00      1.6409E+00      8.5484E-03      7.2180E+01      1.1010E+02      1.0000E+00
      1.1588E-02      1.1965E+00      1.1615E+00      1.6409E+00      8.5686E-03      7.2226E+01      1.0992E+02      1.0000E+00
      6.4647E-03      1.5396E+00      1.2517E+00      2.0549E+00      4.1094E-03      5.8200E+01      1.1932E+02      1.0000E+00
      5.0962E-03      1.1593E+00      1.1022E+00      1.4218E+00      3.8138E-03      7.9324E+01      1.1175E+02      1.0000E+00
      8.9199E-03      1.2766E+00      1.0873E+00      1.5118E+00      6.2296E-03      6.9907E+01      1.0564E+02      1.0000E+00
      6.7226E-03      1.3180E+00      1.2451E+00      1.6770E+00      5.0180E-03      6.0335E+01      1.1955E+02      1.0000E+00
      5.8928E-03      1.3673E+00      1.1083E+00      1.6512E+00      3.8961E-03      6.7263E+01      1.0861E+02      1.0000E+00
      1.2192E-02      1.4882E+00      1.2430E+00      1.7315E+00      7.8748E-03      6.8257E+01      1.2276E+02      1.0000E+00
      2.7599E-02      1.6388E+00      1.4780E+00      2.5128E+00      1.3580E-02      6.0043E+01      1.2285E+02      1.0000E+00
      4.2152E-02      1.2956E+00      1.4122E+00      2.1352E+00      2.7778E-02      6.5782E+01      1.1281E+02      1.0000E+00
      4.2685E-02      1.2280E+00      1.3021E+00      1.9530E+00      2.8814E-02      6.9913E+01      1.1040E+02      1.0000E+00
      2.5107E-02      1.6265E+00      1.2970E+00      1.9529E+00      1.5161E-02      5.3880E+01      1.1676E+02      1.0000E+00
      1.4816E-01      1.3081E+00      1.2130E+00      1.6627E+00      1.0533E-01      5.8793E+01      1.1427E+02      1.0000E+00
