  
 ------------------------
 2D Mesh Quality Measures
 ------------------------
  
Signed Area     Aspect Ratio    Condition       Edge Ratio      Jacobian        Minimum Angle   Maximum Angle   Area Sign       
      1.8177E-01      1.3529E+00      1.2206E+00      1.6352E+00      1.1634E-01      6.7245E+01      1.2369E+02      1.0000E+00
      2.2593E-01      1.0413E+00      1.0052E+00      1.1078E+00      2.1220E-01      8.7601E+01      9.4464E+01      1.0000E+00
      2.4562E-01      1.0156E+00      1.0007E+00      1.0377E+00      2.4077E-01      8.8602E+01      9.0855E+01      1.0000E+00
      2.4562E-01      1.0156E+00      1.0007E+00      1.0377E+00      2.4077E-01      8.8602E+01      9.0855E+01      1.0000E+00
      2.2593E-01      1.0413E+00      1.0052E+00      1.1078E+00      2.1220E-01      8.7601E+01      9.4464E+01      1.0000E+00
      1.8177E-01      1.3529E+00      1.2206E+00      1.6352E+00      1.1634E-01      6.7245E+01      1.2369E+02      1.0000E+00
      1.6154E-01      1.3123E+00      1.2740E+00      1.6075E+00      9.7004E-02      6.8685E+01      1.2704E+02      1.0000E+00
      2.6187E-01      1.1427E+00      1.0331E+00      1.2996E+00      2.2118E-01      7.6487E+01      1.0034E+02      1.0000E+00
      2.8408E-01      1.0958E+00      1.0258E+00      1.1820E+00      2.5080E-01      7.7286E+01      9.8400E+01      1.0000E+00
      2.4543E-01      1.0184E+00      1.0006E+00      1.0271E+00      2.4285E-01      8.8847E+01      9.1219E+01      1.0000E+00
      2.4529E-01      1.0092E+00      1.0002E+00      1.0176E+00      2.4383E-01      8.9644E+01      9.0326E+01      1.0000E+00
      2.4529E-01      1.0092E+00      1.0002E+00      1.0176E+00      2.4383E-01      8.9644E+01      9.0326E+01      1.0000E+00
      2.4543E-01      1.0184E+00      1.0006E+00      1.0271E+00      2.4285E-01      8.8847E+01      9.1219E+01      1.0000E+00
      2.8408E-01      1.0958E+00      1.0258E+00      1.1820E+00      2.5080E-01      7.7286E+01      9.8400E+01      1.0000E+00
      2.6187E-01      1.1427E+00      1.0331E+00      1.2996E+00      2.2118E-01      7.6487E+01      1.0034E+02      1.0000E+00
      1.6154E-01      1.3123E+00      1.2740E+00      1.6075E+00      9.7004E-02      6.8685E+01      1.2704E+02      1.0000E+00
      1.6136E-01      1.3116E+00      1.2757E+00      1.6070E+00      9.6830E-02      6.8648E+01      1.2713E+02      1.0000E+00
      2.5084E-01      1.0217E+00      1.0040E+00      1.0414E+00      2.4163E-01      8.4892E+01      9.3043E+01      1.0000E+00
      2.5000E-01      1.0186E+00      1.0005E+00      1.0373E+00      2.4349E-01      8.8221E+01      9.1205E+01      1.0000E+00
      2.5455E-01      1.0114E+00      1.0008E+00      1.0267E+00      2.4947E-01      8.7778E+01      9.1428E+01      1.0000E+00
      2.4530E-01      1.0187E+00      1.0008E+00      1.0403E+00      2.3741E-01      8.8590E+01      9.2271E+01      1.0000E+00
      2.4530E-01      1.0187E+00      1.0008E+00      1.0403E+00      2.3741E-01      8.8590E+01      9.2271E+01      1.0000E+00
      2.5455E-01      1.0114E+00      1.0008E+00      1.0267E+00      2.4947E-01      8.7778E+01      9.1428E+01      1.0000E+00
      2.5000E-01      1.0186E+00      1.0005E+00      1.0373E+00      2.4349E-01      8.8221E+01      9.1205E+01      1.0000E+00
      2.5084E-01      1.0217E+00      1.0040E+00      1.0414E+00      2.4163E-01      8.4892E+01      9.3043E+01      1.0000E+00
      1.6136E-01      1.3116E+00      1.2757E+00      1.6070E+00      9.6830E-02      6.8648E+01      1.2713E+02      1.0000E+00
      2.6133E-01      1.1438E+00      1.0335E+00      1.2992E+00      2.2079E-01      7.6280E+01      1.0056E+02      1.0000E+00
      2.5104E-01      1.0254E+00      1.0008E+00      1.0436E+00      2.4355E-01      8.7993E+01      9.1427E+01      1.0000E+00
      2.5659E-01      1.0134E+00      1.0009E+00      1.0191E+00      2.5374E-01      8.7712E+01      9.2058E+01      1.0000E+00
      2.4648E-01      1.0191E+00      1.0006E+00      1.0332E+00      2.4167E-01      8.8292E+01      9.1343E+01      1.0000E+00
      2.1999E-01      1.0456E+00      1.0105E+00      1.1155E+00      2.0261E-01      8.5719E+01      9.7564E+01      1.0000E+00
      2.1999E-01      1.0456E+00      1.0105E+00      1.1155E+00      2.0261E-01      8.5719E+01      9.7565E+01      1.0000E+00
      2.4648E-01      1.0191E+00      1.0006E+00      1.0332E+00      2.4167E-01      8.8292E+01      9.1343E+01      1.0000E+00
      2.5659E-01      1.0134E+00      1.0009E+00      1.0191E+00      2.5374E-01      8.7712E+01      9.2058E+01      1.0000E+00
      2.5104E-01      1.0254E+00      1.0008E+00      1.0436E+00      2.4355E-01      8.7993E+01      9.1427E+01      1.0000E+00
      2.6133E-01      1.1438E+00      1.0335E+00      1.2992E+00      2.2079E-01      7.6280E+01      1.0056E+02      1.0000E+00
      1.8018E-01      1.3534E+00      1.2259E+00      1.6308E+00      1.1554E-01      6.6806E+01      1.2404E+02      1.0000E+00
      2.8360E-01      1.0962E+00      1.0247E+00      1.1807E+00      2.5099E-01      7.7631E+01      9.8291E+01      1.0000E+00
      2.6018E-01      1.0073E+00      1.0007E+00      1.0179E+00      2.5847E-01      8.8055E+01      9.1803E+01      1.0000E+00
      2.6190E-01      1.0152E+00      1.0010E+00      1.0292E+00      2.5896E-01      8.7678E+01      9.1718E+01      1.0000E+00
      2.8373E-01      1.1110E+00      1.0259E+00      1.1930E+00      2.5185E-01      7.7756E+01      9.9216E+01      1.0000E+00
      1.7187E-01      1.3697E+00      1.2736E+00      1.6480E+00      1.0528E-01      6.5623E+01      1.2712E+02      1.0000E+00
      1.7187E-01      1.3696E+00      1.2736E+00      1.6480E+00      1.0528E-01      6.5623E+01      1.2712E+02      1.0000E+00
      2.8373E-01      1.1110E+00      1.0259E+00      1.1930E+00      2.5185E-01      7.7757E+01      9.9216E+01      1.0000E+00
      2.6190E-01      1.0152E+00      1.0010E+00      1.0292E+00      2.5896E-01      8.7678E+01      9.1718E+01      1.0000E+00
      2.6018E-01      1.0073E+00      1.0007E+00      1.0179E+00      2.5847E-01      8.8055E+01      9.1803E+01      1.0000E+00
      2.8360E-01      1.0962E+00      1.0247E+00      1.1807E+00      2.5099E-01      7.7631E+01      9.8291E+01      1.0000E+00
      1.8018E-01      1.3534E+00      1.2259E+00      1.6308E+00      1.1554E-01      6.6806E+01      1.2404E+02      1.0000E+00
      2.2434E-01      1.0460E+00      1.0063E+00      1.1159E+00      2.1086E-01      8.7452E+01      9.4887E+01      1.0000E+00
      2.4655E-01      1.0198E+00      1.0006E+00      1.0290E+00      2.4357E-01      8.8646E+01      9.1265E+01      1.0000E+00
      2.5605E-01      1.0126E+00      1.0008E+00      1.0201E+00      2.5291E-01      8.7824E+01      9.1735E+01      1.0000E+00
      2.5701E-01      1.0247E+00      1.0010E+00      1.0343E+00      2.5302E-01      8.8350E+01      9.1706E+01      1.0000E+00
      2.8087E-01      1.1153E+00      1.0211E+00      1.2107E+00      2.4371E-01      7.8985E+01      9.6581E+01      1.0000E+00
      2.8087E-01      1.1153E+00      1.0211E+00      1.2107E+00      2.4371E-01      7.8984E+01      9.6581E+01      1.0000E+00
      2.5701E-01      1.0247E+00      1.0010E+00      1.0343E+00      2.5302E-01      8.8350E+01      9.1706E+01      1.0000E+00
      2.5605E-01      1.0126E+00      1.0008E+00      1.0201E+00      2.5291E-01      8.7824E+01      9.1735E+01      1.0000E+00
      2.4655E-01      1.0198E+00      1.0006E+00      1.0290E+00      2.4357E-01      8.8646E+01      9.1265E+01      1.0000E+00
      2.2434E-01      1.0460E+00      1.0063E+00      1.1159E+00      2.1086E-01      8.7452E+01      9.4887E+01      1.0000E+00
      2.4481E-01      1.0210E+00      1.0013E+00      1.0507E+00      2.4044E-01      8.8596E+01      9.0837E+01      1.0000E+00
      2.4828E-01      1.0065E+00      1.0002E+00      1.0173E+00      2.4658E-01      8.9230E+01      9.0620E+01      1.0000E+00
      2.5375E-01      1.0138E+00      1.0006E+00      1.0223E+00      2.5144E-01      8.8441E+01      9.1806E+01      1.0000E+00
      2.4359E-01      1.0215E+00      1.0016E+00      1.0530E+00      2.3570E-01      8.7255E+01      9.1427E+01      1.0000E+00
      2.0863E-01      1.0665E+00      1.0074E+00      1.1337E+00      1.8562E-01      8.4231E+01      9.6897E+01      1.0000E+00
      2.0863E-01      1.0665E+00      1.0074E+00      1.1337E+00      1.8562E-01      8.4232E+01      9.6897E+01      1.0000E+00
      2.4359E-01      1.0215E+00      1.0016E+00      1.0530E+00      2.3570E-01      8.7255E+01      9.1427E+01      1.0000E+00
      2.5375E-01      1.0138E+00      1.0006E+00      1.0223E+00      2.5144E-01      8.8441E+01      9.1806E+01      1.0000E+00
      2.4828E-01      1.0065E+00      1.0002E+00      1.0173E+00      2.4658E-01      8.9230E+01      9.0620E+01      1.0000E+00
      2.4481E-01      1.0210E+00      1.0013E+00      1.0507E+00      2.4044E-01      8.8596E+01      9.0837E+01      1.0000E+00
      2.4505E-01      1.0204E+00      1.0012E+00      1.0478E+00      2.4095E-01      8.8471E+01      9.0940E+01      1.0000E+00
      2.4945E-01      1.0025E+00      1.0000E+00      1.0044E+00      2.4920E-01      8.9570E+01      9.0405E+01      1.0000E+00
      2.5860E-01      1.0302E+00      1.0016E+00      1.0484E+00      2.5496E-01      8.8316E+01      9.1833E+01      1.0000E+00
      2.7307E-01      1.1448E+00      1.0346E+00      1.2069E+00      2.4601E-01      7.7369E+01      1.0199E+02      1.0000E+00
      1.5395E-01      1.3576E+00      1.2310E+00      1.7198E+00      9.1804E-02      6.9841E+01      1.2401E+02      1.0000E+00
      1.5395E-01      1.3576E+00      1.2310E+00      1.7198E+00      9.1804E-02      6.9841E+01      1.2401E+02      1.0000E+00
      2.7307E-01      1.1448E+00      1.0346E+00      1.2069E+00      2.4601E-01      7.7369E+01      1.0199E+02      1.0000E+00
      2.5860E-01      1.0302E+00      1.0016E+00      1.0484E+00      2.5496E-01      8.8316E+01      9.1833E+01      1.0000E+00
      2.4945E-01      1.0025E+00      1.0000E+00      1.0044E+00      2.4920E-01      8.9570E+01      9.0405E+01      1.0000E+00
      2.4505E-01      1.0204E+00      1.0012E+00      1.0478E+00      2.4095E-01      8.8471E+01      9.0940E+01      1.0000E+00
      2.2493E-01      1.0432E+00      1.0060E+00      1.1097E+00      2.1171E-01      8.7360E+01      9.4907E+01      1.0000E+00
      2.4932E-01      1.0095E+00      1.0002E+00      1.0197E+00      2.4650E-01      8.9224E+01      9.0956E+01      1.0000E+00
      2.6535E-01      1.0398E+00      1.0026E+00      1.0745E+00      2.6096E-01      8.8360E+01      9.1028E+01      1.0000E+00
      2.7814E-01      1.1317E+00      1.0247E+00      1.1929E+00      2.6012E-01      8.1769E+01      9.8347E+01      1.0000E+00
      2.7814E-01      1.1317E+00      1.0247E+00      1.1929E+00      2.6012E-01      8.1769E+01      9.8347E+01      1.0000E+00
      2.6535E-01      1.0398E+00      1.0026E+00      1.0745E+00      2.6096E-01      8.8360E+01      9.1028E+01      1.0000E+00
      2.4932E-01      1.0095E+00      1.0002E+00      1.0197E+00      2.4650E-01      8.9224E+01      9.0956E+01      1.0000E+00
      2.2493E-01      1.0432E+00      1.0060E+00      1.1097E+00      2.1171E-01      8.7359E+01      9.4908E+01      1.0000E+00
      1.8086E-01      1.3491E+00      1.2241E+00      1.6298E+00      1.1608E-01      6.7010E+01      1.2387E+02      1.0000E+00
      2.8702E-01      1.1042E+00      1.0259E+00      1.1768E+00      2.5407E-01      7.7501E+01      9.8309E+01      1.0000E+00
      2.6928E-01      1.0325E+00      1.0033E+00      1.0733E+00      2.6668E-01      8.7758E+01      9.2307E+01      1.0000E+00
      2.7522E-01      1.1339E+00      1.0231E+00      1.2078E+00      2.5500E-01      8.4230E+01      9.6872E+01      1.0000E+00
      2.7522E-01      1.1339E+00      1.0231E+00      1.2078E+00      2.5500E-01      8.4230E+01      9.6872E+01      1.0000E+00
      2.6928E-01      1.0325E+00      1.0033E+00      1.0733E+00      2.6668E-01      8.7758E+01      9.2307E+01      1.0000E+00
      2.8702E-01      1.1042E+00      1.0259E+00      1.1768E+00      2.5407E-01      7.7502E+01      9.8309E+01      1.0000E+00
      1.8086E-01      1.3491E+00      1.2241E+00      1.6298E+00      1.1608E-01      6.7010E+01      1.2387E+02      1.0000E+00
      2.6432E-01      1.1523E+00      1.0336E+00      1.3019E+00      2.2280E-01      7.6411E+01      1.0037E+02      1.0000E+00
      2.5908E-01      1.0519E+00      1.0039E+00      1.0824E+00      2.4960E-01      8.6439E+01      9.2704E+01      1.0000E+00
      2.8057E-01      1.1264E+00      1.0317E+00      1.1789E+00      2.5577E-01      7.7373E+01      1.0113E+02      1.0000E+00
      1.7319E-01      1.3178E+00      1.3994E+00      1.5601E+00      8.4947E-02      7.3577E+01      1.3435E+02      1.0000E+00
      1.7319E-01      1.3178E+00      1.3994E+00      1.5601E+00      8.4947E-02      7.3577E+01      1.3435E+02      1.0000E+00
      2.8057E-01      1.1264E+00      1.0317E+00      1.1789E+00      2.5577E-01      7.7373E+01      1.0113E+02      1.0000E+00
      2.5908E-01      1.0519E+00      1.0039E+00      1.0824E+00      2.4960E-01      8.6439E+01      9.2704E+01      1.0000E+00
      2.6432E-01      1.1523E+00      1.0336E+00      1.3019E+00      2.2280E-01      7.6411E+01      1.0037E+02      1.0000E+00
      1.6307E-01      1.3065E+00      1.2707E+00      1.6105E+00      9.7588E-02      6.9279E+01      1.2678E+02      1.0000E+00
      2.5550E-01      1.0207E+00      1.0051E+00      1.0450E+00      2.4867E-01      8.4265E+01      9.4726E+01      1.0000E+00
      2.5099E-01      1.0163E+00      1.0016E+00      1.0324E+00      2.4589E-01      8.6802E+01      9.2076E+01      1.0000E+00
      2.5746E-01      1.0219E+00      1.0087E+00      1.0266E+00      2.5260E-01      8.2469E+01      9.6739E+01      1.0000E+00
      1.7432E-01      1.3216E+00      1.4062E+00      1.5719E+00      8.4143E-02      7.3968E+01      1.3464E+02      1.0000E+00
      1.7432E-01      1.3216E+00      1.4062E+00      1.5719E+00      8.4143E-02      7.3968E+01      1.3464E+02      1.0000E+00
      2.5746E-01      1.0219E+00      1.0087E+00      1.0266E+00      2.5260E-01      8.2469E+01      9.6739E+01      1.0000E+00
      2.5099E-01      1.0163E+00      1.0016E+00      1.0324E+00      2.4589E-01      8.6802E+01      9.2076E+01      1.0000E+00
      2.5550E-01      1.0207E+00      1.0051E+00      1.0450E+00      2.4867E-01      8.4265E+01      9.4726E+01      1.0000E+00
      1.6307E-01      1.3065E+00      1.2707E+00      1.6105E+00      9.7588E-02      6.9279E+01      1.2678E+02      1.0000E+00
      1.6310E-01      1.3149E+00      1.2659E+00      1.6166E+00      9.7756E-02      6.9149E+01      1.2659E+02      1.0000E+00
      2.6452E-01      1.1456E+00      1.0295E+00      1.3039E+00      2.2312E-01      7.7437E+01      9.9527E+01      1.0000E+00
      2.8480E-01      1.1054E+00      1.0337E+00      1.1773E+00      2.5053E-01      7.5505E+01      9.9456E+01      1.0000E+00
      2.7330E-01      1.1157E+00      1.0293E+00      1.1709E+00      2.4636E-01      7.7235E+01      1.0002E+02      1.0000E+00
      2.6588E-01      1.1284E+00      1.0225E+00      1.1916E+00      2.4560E-01      8.3228E+01      9.7936E+01      1.0000E+00
      2.6588E-01      1.1284E+00      1.0225E+00      1.1916E+00      2.4560E-01      8.3228E+01      9.7936E+01      1.0000E+00
      2.7330E-01      1.1157E+00      1.0293E+00      1.1709E+00      2.4636E-01      7.7235E+01      1.0002E+02      1.0000E+00
      2.8480E-01      1.1054E+00      1.0337E+00      1.1773E+00      2.5053E-01      7.5505E+01      9.9456E+01      1.0000E+00
      2.6452E-01      1.1456E+00      1.0295E+00      1.3039E+00      2.2312E-01      7.7437E+01      9.9527E+01      1.0000E+00
      1.6310E-01      1.3149E+00      1.2659E+00      1.6166E+00      9.7756E-02      6.9149E+01      1.2659E+02      1.0000E+00
      1.8570E-01      1.3423E+00      1.2115E+00      1.6426E+00      1.1767E-01      6.8694E+01      1.2299E+02      1.0000E+00
      2.3360E-01      1.0458E+00      1.0035E+00      1.1034E+00      2.1765E-01      8.6134E+01      9.3932E+01      1.0000E+00
      2.5524E-01      1.0284E+00      1.0013E+00      1.0521E+00      2.4932E-01      8.8687E+01      9.1361E+01      1.0000E+00
      2.5524E-01      1.0284E+00      1.0013E+00      1.0521E+00      2.4932E-01      8.8687E+01      9.1361E+01      1.0000E+00
      2.3360E-01      1.0458E+00      1.0035E+00      1.1034E+00      2.1765E-01      8.6134E+01      9.3932E+01      1.0000E+00
      1.8570E-01      1.3423E+00      1.2115E+00      1.6426E+00      1.1767E-01      6.8694E+01      1.2299E+02      1.0000E+00
      1.6843E-01      1.3738E+00      1.1987E+00      1.7125E+00      1.1219E-01      6.5970E+01      1.2075E+02      1.0000E+00
      1.4525E-01      1.2235E+00      1.1111E+00      1.4369E+00      9.8737E-02      7.8390E+01      1.1556E+02      1.0000E+00
      2.2649E-01      1.0681E+00      1.0185E+00      1.1897E+00      2.0281E-01      8.1920E+01      9.4684E+01      1.0000E+00
      2.6352E-01      1.0367E+00      1.0024E+00      1.0675E+00      2.5069E-01      8.6187E+01      9.1781E+01      1.0000E+00
      2.6352E-01      1.0367E+00      1.0024E+00      1.0675E+00      2.5069E-01      8.6187E+01      9.1781E+01      1.0000E+00
      2.2649E-01      1.0681E+00      1.0185E+00      1.1897E+00      2.0281E-01      8.1920E+01      9.4684E+01      1.0000E+00
      1.4525E-01      1.2235E+00      1.1111E+00      1.4369E+00      9.8737E-02      7.8390E+01      1.1556E+02      1.0000E+00
      1.6843E-01      1.3738E+00      1.1987E+00      1.7125E+00      1.1219E-01      6.5970E+01      1.2075E+02      1.0000E+00
      2.2768E-01      1.1575E+00      1.0459E+00      1.3005E+00      1.7500E-01      7.3012E+01      9.9733E+01      1.0000E+00
      1.2394E-01      1.2166E+00      1.1025E+00      1.5033E+00      8.1582E-02      7.4317E+01      1.1391E+02      1.0000E+00
      1.3285E-01      1.2228E+00      1.1988E+00      1.5505E+00      9.3737E-02      6.8899E+01      1.1904E+02      1.0000E+00
      1.3283E-01      1.2229E+00      1.1993E+00      1.5512E+00      9.3699E-02      6.8877E+01      1.1906E+02      1.0000E+00
      1.2377E-01      1.2154E+00      1.1016E+00      1.5015E+00      8.1535E-02      7.4279E+01      1.1381E+02      1.0000E+00
      2.2683E-01      1.1538E+00      1.0446E+00      1.2942E+00      1.7470E-01      7.3231E+01      9.9770E+01      1.0000E+00
      1.6755E-01      1.3705E+00      1.1998E+00      1.7138E+00      1.1151E-01      6.6052E+01      1.2072E+02      1.0000E+00
      1.4424E-01      1.2276E+00      1.1084E+00      1.4450E+00      9.8240E-02      7.8176E+01      1.1524E+02      1.0000E+00
      2.2471E-01      1.0725E+00      1.0201E+00      1.1982E+00      2.0158E-01      8.1752E+01      9.4899E+01      1.0000E+00
      2.6157E-01      1.0406E+00      1.0029E+00      1.0771E+00      2.4937E-01      8.6197E+01      9.1556E+01      1.0000E+00
      2.6160E-01      1.0405E+00      1.0028E+00      1.0766E+00      2.4946E-01      8.6177E+01      9.1515E+01      1.0000E+00
      2.2481E-01      1.0723E+00      1.0200E+00      1.1974E+00      2.0168E-01      8.1734E+01      9.4908E+01      1.0000E+00
      1.4434E-01      1.2272E+00      1.1083E+00      1.4439E+00      9.8301E-02      7.8166E+01      1.1523E+02      1.0000E+00
      1.6804E-01      1.3735E+00      1.2026E+00      1.7180E+00      1.1171E-01      6.5816E+01      1.2090E+02      1.0000E+00
      2.2753E-01      1.1557E+00      1.0445E+00      1.2983E+00      1.7531E-01      7.3261E+01      9.9766E+01      1.0000E+00
      1.2414E-01      1.2179E+00      1.1021E+00      1.5026E+00      8.1697E-02      7.4284E+01      1.1392E+02      1.0000E+00
      1.3351E-01      1.2275E+00      1.2022E+00      1.5560E+00      9.4043E-02      6.8552E+01      1.1930E+02      1.0000E+00
      1.3340E-01      1.2276E+00      1.1998E+00      1.5544E+00      9.3847E-02      6.8755E+01      1.1924E+02      1.0000E+00
      1.2453E-01      1.2197E+00      1.1046E+00      1.5054E+00      8.1847E-02      7.4453E+01      1.1417E+02      1.0000E+00
      2.2897E-01      1.1637E+00      1.0472E+00      1.3109E+00      1.7591E-01      7.2818E+01      9.9596E+01      1.0000E+00
      1.6956E-01      1.3815E+00      1.2035E+00      1.7176E+00      1.1261E-01      6.5546E+01      1.2117E+02      1.0000E+00
      1.4622E-01      1.2195E+00      1.1133E+00      1.4297E+00      9.9027E-02      7.8402E+01      1.1583E+02      1.0000E+00
      2.2872E-01      1.0628E+00      1.0170E+00      1.1795E+00      2.0440E-01      8.1929E+01      9.4673E+01      1.0000E+00
      2.6655E-01      1.0308E+00      1.0023E+00      1.0578E+00      2.5333E-01      8.6187E+01      9.1875E+01      1.0000E+00
      2.6655E-01      1.0308E+00      1.0023E+00      1.0578E+00      2.5333E-01      8.6187E+01      9.1875E+01      1.0000E+00
      2.2872E-01      1.0628E+00      1.0170E+00      1.1795E+00      2.0440E-01      8.1929E+01      9.4673E+01      1.0000E+00
      1.4622E-01      1.2195E+00      1.1133E+00      1.4297E+00      9.9027E-02      7.8402E+01      1.1583E+02      1.0000E+00
      1.6956E-01      1.3815E+00      1.2035E+00      1.7176E+00      1.1261E-01      6.5546E+01      1.2117E+02      1.0000E+00
      2.2897E-01      1.1637E+00      1.0472E+00      1.3109E+00      1.7591E-01      7.2818E+01      9.9596E+01      1.0000E+00
      1.2453E-01      1.2197E+00      1.1046E+00      1.5054E+00      8.1847E-02      7.4453E+01      1.1417E+02      1.0000E+00
      1.3340E-01      1.2276E+00      1.1998E+00      1.5544E+00      9.3847E-02      6.8755E+01      1.1924E+02      1.0000E+00
      1.3351E-01      1.2275E+00      1.2022E+00      1.5560E+00      9.4043E-02      6.8552E+01      1.1930E+02      1.0000E+00
      1.2414E-01      1.2179E+00      1.1021E+00      1.5026E+00      8.1696E-02      7.4284E+01      1.1392E+02      1.0000E+00
      2.2753E-01      1.1557E+00      1.0445E+00      1.2983E+00      1.7531E-01      7.3261E+01      9.9765E+01      1.0000E+00
      1.6804E-01      1.3735E+00      1.2026E+00      1.7180E+00      1.1171E-01      6.5816E+01      1.2090E+02      1.0000E+00
      1.4434E-01      1.2272E+00      1.1083E+00      1.4439E+00      9.8301E-02      7.8167E+01      1.1523E+02      1.0000E+00
      2.2481E-01      1.0723E+00      1.0200E+00      1.1974E+00      2.0168E-01      8.1735E+01      9.4908E+01      1.0000E+00
      2.6161E-01      1.0405E+00      1.0028E+00      1.0766E+00      2.4946E-01      8.6177E+01      9.1516E+01      1.0000E+00
      2.6157E-01      1.0406E+00      1.0029E+00      1.0771E+00      2.4937E-01      8.6197E+01      9.1556E+01      1.0000E+00
      2.2471E-01      1.0725E+00      1.0201E+00      1.1982E+00      2.0158E-01      8.1752E+01      9.4899E+01      1.0000E+00
      1.4424E-01      1.2276E+00      1.1084E+00      1.4450E+00      9.8240E-02      7.8176E+01      1.1524E+02      1.0000E+00
      1.6755E-01      1.3705E+00      1.1998E+00      1.7138E+00      1.1151E-01      6.6052E+01      1.2072E+02      1.0000E+00
      2.2683E-01      1.1538E+00      1.0446E+00      1.2942E+00      1.7470E-01      7.3231E+01      9.9770E+01      1.0000E+00
      1.2377E-01      1.2154E+00      1.1016E+00      1.5015E+00      8.1535E-02      7.4279E+01      1.1381E+02      1.0000E+00
      1.3283E-01      1.2229E+00      1.1993E+00      1.5512E+00      9.3699E-02      6.8877E+01      1.1906E+02      1.0000E+00
      1.3285E-01      1.2228E+00      1.1988E+00      1.5505E+00      9.3737E-02      6.8899E+01      1.1904E+02      1.0000E+00
      1.2394E-01      1.2166E+00      1.1025E+00      1.5033E+00      8.1582E-02      7.4317E+01      1.1391E+02      1.0000E+00
      2.2768E-01      1.1575E+00      1.0459E+00      1.3005E+00      1.7500E-01      7.3012E+01      9.9733E+01      1.0000E+00
      2.4927E-01      1.0425E+00      1.0026E+00      1.0666E+00      2.4380E-01      8.7751E+01      9.2044E+01      1.0000E+00
      2.4927E-01      1.0425E+00      1.0026E+00      1.0666E+00      2.4380E-01      8.7751E+01      9.2044E+01      1.0000E+00
      2.1988E-01      1.1232E+00      1.0714E+00      1.3243E+00      1.8295E-01      7.1716E+01      1.0402E+02      1.0000E+00
      1.2864E-01      1.2560E+00      1.1024E+00      1.5459E+00      8.8137E-02      7.5980E+01      1.1268E+02      1.0000E+00
      1.4997E-01      1.4103E+00      1.2182E+00      1.8418E+00      9.8429E-02      6.4443E+01      1.2020E+02      1.0000E+00
      2.3204E-01      1.1529E+00      1.0549E+00      1.3643E+00      1.8561E-01      7.3193E+01      1.0061E+02      1.0000E+00
      1.7723E-01      1.1020E+00      1.0171E+00      1.2171E+00      1.5383E-01      8.4246E+01      9.9577E+01      1.0000E+00
      1.1045E-01      1.1576E+00      1.0926E+00      1.3327E+00      7.8651E-02      8.0423E+01      1.1357E+02      1.0000E+00
      1.2716E-01      1.5149E+00      1.2362E+00      1.8098E+00      8.8608E-02      5.8826E+01      1.2241E+02      1.0000E+00
      1.8508E-01      1.2222E+00      1.1719E+00      1.7559E+00      1.2330E-01      7.2196E+01      1.0787E+02      1.0000E+00
      1.6464E-01      1.2389E+00      1.2521E+00      1.8671E+00      1.1470E-01      6.9109E+01      1.1074E+02      1.0000E+00
      9.8096E-02      1.5733E+00      1.2607E+00      1.8941E+00      6.0453E-02      5.5710E+01      1.1537E+02      1.0000E+00
      8.7964E-02      1.2780E+00      1.1379E+00      1.4907E+00      6.6010E-02      6.1885E+01      1.1028E+02      1.0000E+00
      8.8042E-02      1.2769E+00      1.1363E+00      1.4866E+00      6.6190E-02      6.2051E+01      1.1016E+02      1.0000E+00
      9.8024E-02      1.5697E+00      1.2578E+00      1.8850E+00      6.0631E-02      5.5926E+01      1.1520E+02      1.0000E+00
      1.6436E-01      1.2289E+00      1.2508E+00      1.8511E+00      1.1481E-01      6.9643E+01      1.1074E+02      1.0000E+00
      1.6436E-01      1.2289E+00      1.2508E+00      1.8511E+00      1.1481E-01      6.9643E+01      1.1074E+02      1.0000E+00
      9.8024E-02      1.5697E+00      1.2578E+00      1.8850E+00      6.0630E-02      5.5926E+01      1.1520E+02      1.0000E+00
      8.8042E-02      1.2769E+00      1.1363E+00      1.4866E+00      6.6190E-02      6.2051E+01      1.1016E+02      1.0000E+00
      8.7964E-02      1.2780E+00      1.1379E+00      1.4907E+00      6.6010E-02      6.1885E+01      1.1028E+02      1.0000E+00
      9.8096E-02      1.5733E+00      1.2607E+00      1.8941E+00      6.0453E-02      5.5710E+01      1.1537E+02      1.0000E+00
      1.6464E-01      1.2389E+00      1.2521E+00      1.8671E+00      1.1470E-01      6.9109E+01      1.1074E+02      1.0000E+00
      1.8509E-01      1.2222E+00      1.1719E+00      1.7558E+00      1.2331E-01      7.2196E+01      1.0787E+02      1.0000E+00
      1.2716E-01      1.5149E+00      1.2362E+00      1.8098E+00      8.8608E-02      5.8826E+01      1.2241E+02      1.0000E+00
      1.1044E-01      1.1577E+00      1.0926E+00      1.3327E+00      7.8651E-02      8.0423E+01      1.1357E+02      1.0000E+00
      1.7723E-01      1.1020E+00      1.0171E+00      1.2171E+00      1.5382E-01      8.4246E+01      9.9577E+01      1.0000E+00
      2.3203E-01      1.1529E+00      1.0549E+00      1.3643E+00      1.8561E-01      7.3192E+01      1.0061E+02      1.0000E+00
      1.4997E-01      1.4103E+00      1.2182E+00      1.8418E+00      9.8429E-02      6.4444E+01      1.2020E+02      1.0000E+00
      1.2864E-01      1.2560E+00      1.1024E+00      1.5459E+00      8.8137E-02      7.5981E+01      1.1268E+02      1.0000E+00
      2.1988E-01      1.1232E+00      1.0714E+00      1.3243E+00      1.8295E-01      7.1716E+01      1.0402E+02      1.0000E+00
