  
 ------------------------
 2D Mesh Quality Measures
 ------------------------
  
Signed Area     Aspect Ratio    Condition       Edge Ratio      Jacobian        Minimum Angle   Maximum Angle   Area Sign       
      4.0000E+00      1.0000E+00      1.0000E+00      1.0000E+00      4.0000E+00      9.0000E+01      9.0000E+01      1.0000E+00
      4.0000E+00      1.0000E+00      1.0000E+00      1.0000E+00      4.0000E+00      9.0000E+01      9.0000E+01      1.0000E+00
      4.0000E+00      1.0000E+00      1.0000E+00      1.0000E+00      4.0000E+00      9.0000E+01      9.0000E+01      1.0000E+00
      4.0000E+00      1.0000E+00      1.0000E+00      1.0000E+00      4.0000E+00      9.0000E+01      9.0000E+01      1.0000E+00
      4.0000E+00      1.0000E+00      1.0000E+00      1.0000E+00      4.0000E+00      9.0000E+01      9.0000E+01      1.0000E+00
      4.0000E+00      1.0000E+00      1.0000E+00      1.0000E+00      4.0000E+00      9.0000E+01      9.0000E+01      1.0000E+00
      4.0000E+00      1.0000E+00      1.0000E+00      1.0000E+00      4.0000E+00      8.9999E+01      9.0000E+01      1.0000E+00
      4.0000E+00      1.0000E+00      1.0000E+00      1.0000E+00      4.0000E+00      8.9999E+01      9.0001E+01      1.0000E+00
      4.0000E+00      1.0000E+00      1.0000E+00      1.0000E+00      4.0000E+00      9.0000E+01      9.0000E+01      1.0000E+00
      4.0000E+00      1.0000E+00      1.0000E+00      1.0000E+00      4.0000E+00      9.0000E+01      9.0000E+01      1.0000E+00
      4.0000E+00      1.0000E+00      1.0000E+00      1.0000E+00      4.0000E+00      9.0000E+01      9.0000E+01      1.0000E+00
      4.0000E+00      1.0000E+00      1.0000E+00      1.0000E+00      4.0000E+00      8.9999E+01      9.0001E+01      1.0000E+00
      4.0000E+00      1.0000E+00      1.0000E+00      1.0000E+00      4.0000E+00      8.9999E+01      9.0001E+01      1.0000E+00
      4.0000E+00      1.0000E+00      1.0000E+00      1.0000E+00      4.0000E+00      8.9999E+01      9.0001E+01      1.0000E+00
      4.0000E+00      1.0000E+00      1.0000E+00      1.0000E+00      4.0000E+00      8.9999E+01      9.0000E+01      1.0000E+00
      4.0000E+00      1.0000E+00      1.0000E+00      1.0000E+00      4.0000E+00      9.0000E+01      9.0000E+01      1.0000E+00
      4.0000E+00      1.0000E+00      1.0000E+00      1.0000E+00      4.0000E+00      9.0000E+01      9.0000E+01      1.0000E+00
      4.0000E+00      1.0000E+00      1.0000E+00      1.0000E+00      4.0000E+00      9.0000E+01      9.0000E+01      1.0000E+00
      4.0000E+00      1.0000E+00      1.0000E+00      1.0000E+00      4.0000E+00      9.0000E+01      9.0000E+01      1.0000E+00
      4.0000E+00      1.0000E+00      1.0000E+00      1.0000E+00      4.0000E+00      9.0000E+01      9.0000E+01      1.0000E+00
      4.0000E+00      1.0000E+00      1.0000E+00      1.0000E+00      4.0000E+00      9.0000E+01      9.0000E+01      1.0000E+00
      4.0000E+00      1.0000E+00      1.0000E+00      1.0000E+00      4.0000E+00      9.0000E+01      9.0000E+01      1.0000E+00
      4.0000E+00      1.0000E+00      1.0000E+00      1.0000E+00      4.0000E+00      9.0000E+01      9.0000E+01      1.0000E+00
      4.0000E+00      1.0000E+00      1.0000E+00      1.0000E+00      4.0000E+00      8.9999E+01      9.0000E+01      1.0000E+00
      4.0001E+00      1.0000E+00      1.0000E+00      1.0000E+00      4.0000E+00      8.9999E+01      9.0001E+01      1.0000E+00
      4.0001E+00      1.0000E+00      1.0000E+00      1.0000E+00      4.0001E+00      8.9998E+01      9.0002E+01      1.0000E+00
      4.0001E+00      1.0000E+00      1.0000E+00      1.0000E+00      4.0001E+00      8.9997E+01      9.0003E+01      1.0000E+00
      4.0001E+00      1.0000E+00      1.0000E+00      1.0000E+00      4.0001E+00      8.9997E+01      9.0003E+01      1.0000E+00
      4.0001E+00      1.0000E+00      1.0000E+00      1.0001E+00      4.0001E+00      8.9998E+01      9.0002E+01      1.0000E+00
      4.0001E+00      1.0000E+00      1.0000E+00      1.0001E+00      4.0000E+00      8.9999E+01      9.0001E+01      1.0000E+00
      4.0001E+00      1.0000E+00      1.0000E+00      1.0001E+00      4.0000E+00      8.9998E+01      9.0002E+01      1.0000E+00
      4.0001E+00      1.0000E+00      1.0000E+00      1.0001E+00      4.0001E+00      8.9997E+01      9.0003E+01      1.0000E+00
      4.0001E+00      1.0000E+00      1.0000E+00      1.0000E+00      4.0001E+00      8.9997E+01      9.0003E+01      1.0000E+00
      4.0001E+00      1.0000E+00      1.0000E+00      1.0000E+00      4.0001E+00      8.9997E+01      9.0003E+01      1.0000E+00
      4.0001E+00      1.0000E+00      1.0000E+00      1.0000E+00      4.0001E+00      8.9997E+01      9.0002E+01      1.0000E+00
      4.0001E+00      1.0000E+00      1.0000E+00      1.0000E+00      4.0000E+00      8.9998E+01      9.0001E+01      1.0000E+00
      4.0000E+00      1.0000E+00      1.0000E+00      1.0000E+00      4.0000E+00      8.9999E+01      9.0001E+01      1.0000E+00
      4.0000E+00      1.0000E+00      1.0000E+00      1.0000E+00      4.0000E+00      9.0000E+01      9.0000E+01      1.0000E+00
      4.0000E+00      1.0000E+00      1.0000E+00      1.0000E+00      4.0000E+00      9.0000E+01      9.0000E+01      1.0000E+00
      4.0000E+00      1.0000E+00      1.0000E+00      1.0000E+00      4.0000E+00      9.0000E+01      9.0000E+01      1.0000E+00
      4.0000E+00      1.0000E+00      1.0000E+00      1.0000E+00      4.0000E+00      9.0000E+01      9.0000E+01      1.0000E+00
      4.0000E+00      1.0000E+00      1.0000E+00      1.0000E+00      4.0000E+00      9.0000E+01      9.0000E+01      1.0000E+00
      4.0000E+00      1.0000E+00      1.0000E+00      1.0000E+00      4.0000E+00      8.9999E+01      9.0001E+01      1.0000E+00
      4.0001E+00      1.0000E+00      1.0000E+00      1.0000E+00      4.0001E+00      8.9997E+01      9.0002E+01      1.0000E+00
      4.0003E+00      1.0000E+00      1.0000E+00      1.0000E+00      4.0002E+00      8.9994E+01      9.0005E+01      1.0000E+00
      4.0005E+00      1.0000E+00      1.0000E+00      1.0001E+00      4.0003E+00      8.9989E+01      9.0008E+01      1.0000E+00
      4.0007E+00      1.0001E+00      1.0000E+00      1.0001E+00      4.0005E+00      8.9986E+01      9.0012E+01      1.0000E+00
      4.0006E+00      1.0001E+00      1.0000E+00      1.0002E+00      4.0006E+00      8.9987E+01      9.0012E+01      1.0000E+00
      4.0004E+00      1.0001E+00      1.0000E+00      1.0003E+00      4.0002E+00      8.9988E+01      9.0012E+01      1.0000E+00
      4.0001E+00      1.0001E+00      1.0000E+00      1.0003E+00      3.9998E+00      8.9993E+01      9.0007E+01      1.0000E+00
      4.0001E+00      1.0001E+00      1.0000E+00      1.0003E+00      3.9998E+00      8.9990E+01      9.0010E+01      1.0000E+00
      4.0003E+00      1.0001E+00      1.0000E+00      1.0003E+00      4.0002E+00      8.9985E+01      9.0014E+01      1.0000E+00
      4.0006E+00      1.0001E+00      1.0000E+00      1.0002E+00      4.0006E+00      8.9985E+01      9.0015E+01      1.0000E+00
      4.0007E+00      1.0001E+00      1.0000E+00      1.0001E+00      4.0005E+00      8.9983E+01      9.0015E+01      1.0000E+00
      4.0006E+00      1.0000E+00      1.0000E+00      1.0001E+00      4.0004E+00      8.9986E+01      9.0011E+01      1.0000E+00
      4.0004E+00      1.0000E+00      1.0000E+00      1.0001E+00      4.0002E+00      8.9991E+01      9.0006E+01      1.0000E+00
      4.0002E+00      1.0000E+00      1.0000E+00      1.0000E+00      4.0001E+00      8.9996E+01      9.0003E+01      1.0000E+00
      4.0001E+00      1.0000E+00      1.0000E+00      1.0000E+00      4.0000E+00      8.9998E+01      9.0001E+01      1.0000E+00
      4.0000E+00      1.0000E+00      1.0000E+00      1.0000E+00      4.0000E+00      8.9999E+01      9.0000E+01      1.0000E+00
      4.0000E+00      1.0000E+00      1.0000E+00      1.0000E+00      4.0000E+00      9.0000E+01      9.0000E+01      1.0000E+00
      4.0000E+00      1.0000E+00      1.0000E+00      1.0000E+00      4.0000E+00      9.0000E+01      9.0000E+01      1.0000E+00
      4.0000E+00      1.0000E+00      1.0000E+00      1.0000E+00      4.0000E+00      8.9999E+01      9.0000E+01      1.0000E+00
      4.0001E+00      1.0000E+00      1.0000E+00      1.0000E+00      4.0001E+00      8.9997E+01      9.0002E+01      1.0000E+00
      4.0004E+00      1.0000E+00      1.0000E+00      1.0001E+00      4.0002E+00      8.9991E+01      9.0006E+01      1.0000E+00
      4.0011E+00      1.0001E+00      1.0000E+00      1.0002E+00      4.0006E+00      8.9977E+01      9.0016E+01      1.0000E+00
      4.0020E+00      1.0001E+00      1.0000E+00      1.0003E+00      4.0012E+00      8.9959E+01      9.0031E+01      1.0000E+00
      4.0027E+00      1.0002E+00      1.0000E+00      1.0005E+00      4.0018E+00      8.9946E+01      9.0045E+01      1.0000E+00
      4.0024E+00      1.0003E+00      1.0000E+00      1.0006E+00      4.0022E+00      8.9950E+01      9.0048E+01      1.0000E+00
      4.0012E+00      1.0004E+00      1.0000E+00      1.0010E+00      4.0005E+00      8.9954E+01      9.0044E+01      1.0000E+00
      4.0001E+00      1.0005E+00      1.0000E+00      1.0013E+00      3.9988E+00      8.9971E+01      9.0027E+01      1.0000E+00
      4.0000E+00      1.0005E+00      1.0000E+00      1.0013E+00      3.9987E+00      8.9961E+01      9.0038E+01      1.0000E+00
      4.0010E+00      1.0004E+00      1.0000E+00      1.0010E+00      4.0002E+00      8.9942E+01      9.0055E+01      1.0000E+00
      4.0024E+00      1.0003E+00      1.0000E+00      1.0006E+00      4.0023E+00      8.9941E+01      9.0059E+01      1.0000E+00
      4.0030E+00      1.0002E+00      1.0000E+00      1.0005E+00      4.0022E+00      8.9936E+01      9.0058E+01      1.0000E+00
      4.0025E+00      1.0001E+00      1.0000E+00      1.0004E+00      4.0015E+00      8.9948E+01      9.0042E+01      1.0000E+00
      4.0016E+00      1.0001E+00      1.0000E+00      1.0002E+00      4.0008E+00      8.9968E+01      9.0023E+01      1.0000E+00
      4.0007E+00      1.0000E+00      1.0000E+00      1.0001E+00      4.0004E+00      8.9985E+01      9.0010E+01      1.0000E+00
      4.0003E+00      1.0000E+00      1.0000E+00      1.0000E+00      4.0001E+00      8.9994E+01      9.0004E+01      1.0000E+00
      4.0001E+00      1.0000E+00      1.0000E+00      1.0000E+00      4.0000E+00      8.9998E+01      9.0001E+01      1.0000E+00
      4.0000E+00      1.0000E+00      1.0000E+00      1.0000E+00      4.0000E+00      9.0000E+01      9.0000E+01      1.0000E+00
      4.0000E+00      1.0000E+00      1.0000E+00      1.0000E+00      4.0000E+00      9.0000E+01      9.0000E+01      1.0000E+00
      4.0001E+00      1.0000E+00      1.0000E+00      1.0000E+00      4.0000E+00      8.9999E+01      9.0001E+01      1.0000E+00
      4.0003E+00      1.0000E+00      1.0000E+00      1.0000E+00      4.0002E+00      8.9993E+01      9.0005E+01      1.0000E+00
      4.0011E+00      1.0001E+00      1.0000E+00      1.0002E+00      4.0006E+00      8.9977E+01      9.0016E+01      1.0000E+00
      4.0031E+00      1.0002E+00      1.0000E+00      1.0004E+00      4.0016E+00      8.9938E+01      9.0041E+01      1.0000E+00
      4.0064E+00      1.0004E+00      1.0000E+00      1.0009E+00      4.0037E+00      8.9876E+01      9.0089E+01      1.0000E+00
      4.0091E+00      1.0006E+00      1.0000E+00      1.0014E+00      4.0061E+00      8.9828E+01      9.0142E+01      1.0000E+00
      4.0081E+00      1.0008E+00      1.0000E+00      1.0017E+00      4.0072E+00      8.9839E+01      9.0156E+01      1.0000E+00
      4.0033E+00      1.0014E+00      1.0000E+00      1.0031E+00      4.0009E+00      8.9850E+01      9.0134E+01      1.0000E+00
      3.9986E+00      1.0017E+00      1.0000E+00      1.0043E+00      3.9941E+00      8.9902E+01      9.0085E+01      1.0000E+00
      3.9980E+00      1.0016E+00      1.0000E+00      1.0043E+00      3.9936E+00      8.9870E+01      9.0125E+01      1.0000E+00
      4.0023E+00      1.0014E+00      1.0000E+00      1.0033E+00      3.9995E+00      8.9810E+01      9.0171E+01      1.0000E+00
      4.0079E+00      1.0009E+00      1.0000E+00      1.0018E+00      4.0071E+00      8.9813E+01      9.0194E+01      1.0000E+00
      4.0104E+00      1.0006E+00      1.0000E+00      1.0015E+00      4.0074E+00      8.9794E+01      9.0185E+01      1.0000E+00
      4.0084E+00      1.0004E+00      1.0000E+00      1.0011E+00      4.0051E+00      8.9838E+01      9.0127E+01      1.0000E+00
      4.0048E+00      1.0003E+00      1.0000E+00      1.0006E+00      4.0027E+00      8.9906E+01      9.0066E+01      1.0000E+00
      4.0021E+00      1.0001E+00      1.0000E+00      1.0003E+00      4.0011E+00      8.9958E+01      9.0027E+01      1.0000E+00
      4.0007E+00      1.0000E+00      1.0000E+00      1.0001E+00      4.0003E+00      8.9985E+01      9.0010E+01      1.0000E+00
      4.0002E+00      1.0000E+00      1.0000E+00      1.0000E+00      4.0001E+00      8.9996E+01      9.0003E+01      1.0000E+00
      4.0000E+00      1.0000E+00      1.0000E+00      1.0000E+00      4.0000E+00      8.9999E+01      9.0001E+01      1.0000E+00
      4.0000E+00      1.0000E+00      1.0000E+00      1.0000E+00      4.0000E+00      9.0000E+01      9.0000E+01      1.0000E+00
      4.0001E+00      1.0000E+00      1.0000E+00      1.0000E+00      4.0001E+00      8.9998E+01      9.0002E+01      1.0000E+00
      4.0005E+00      1.0000E+00      1.0000E+00      1.0001E+00      4.0003E+00      8.9989E+01      9.0009E+01      1.0000E+00
      4.0020E+00      1.0001E+00      1.0000E+00      1.0003E+00      4.0012E+00      8.9959E+01      9.0031E+01      1.0000E+00
      4.0064E+00      1.0004E+00      1.0000E+00      1.0009E+00      4.0037E+00      8.9876E+01      9.0089E+01      1.0000E+00
      4.0163E+00      1.0009E+00      1.0000E+00      1.0018E+00      4.0089E+00      8.9695E+01      9.0201E+01      1.0000E+00
      4.0272E+00      1.0015E+00      1.0000E+00      1.0036E+00      4.0170E+00      8.9516E+01      9.0373E+01      1.0000E+00
      4.0251E+00      1.0018E+00      1.0000E+00      1.0045E+00      4.0214E+00      8.9557E+01      9.0442E+01      1.0000E+00
      4.0073E+00      1.0040E+00      1.0001E+00      1.0086E+00      4.0002E+00      8.9585E+01      9.0345E+01      1.0000E+00
      3.9907E+00      1.0049E+00      1.0001E+00      1.0123E+00      3.9777E+00      8.9716E+01      9.0240E+01      1.0000E+00
      3.9882E+00      1.0045E+00      1.0001E+00      1.0121E+00      3.9759E+00      8.9635E+01      9.0359E+01      1.0000E+00
      4.0027E+00      1.0041E+00      1.0001E+00      1.0090E+00      3.9940E+00      8.9480E+01      9.0443E+01      1.0000E+00
      4.0237E+00      1.0023E+00      1.0001E+00      1.0049E+00      4.0190E+00      8.9513E+01      9.0536E+01      1.0000E+00
      4.0314E+00      1.0014E+00      1.0000E+00      1.0038E+00      4.0217E+00      8.9440E+01      9.0487E+01      1.0000E+00
      4.0230E+00      1.0012E+00      1.0000E+00      1.0026E+00      4.0139E+00      8.9586E+01      9.0304E+01      1.0000E+00
      4.0116E+00      1.0007E+00      1.0000E+00      1.0013E+00      4.0068E+00      8.9785E+01      9.0146E+01      1.0000E+00
      4.0046E+00      1.0003E+00      1.0000E+00      1.0006E+00      4.0026E+00      8.9911E+01      9.0063E+01      1.0000E+00
      4.0014E+00      1.0001E+00      1.0000E+00      1.0002E+00      4.0008E+00      8.9971E+01      9.0021E+01      1.0000E+00
      4.0004E+00      1.0000E+00      1.0000E+00      1.0001E+00      4.0002E+00      8.9992E+01      9.0006E+01      1.0000E+00
      4.0001E+00      1.0000E+00      1.0000E+00      1.0000E+00      4.0000E+00      8.9998E+01      9.0001E+01      1.0000E+00
      4.0000E+00      1.0000E+00      1.0000E+00      1.0000E+00      4.0000E+00      8.9999E+01      9.0000E+01      1.0000E+00
      4.0001E+00      1.0000E+00      1.0000E+00      1.0000E+00      4.0001E+00      8.9997E+01      9.0003E+01      1.0000E+00
      4.0007E+00      1.0001E+00      1.0000E+00      1.0001E+00      4.0005E+00      8.9986E+01      9.0012E+01      1.0000E+00
      4.0027E+00      1.0002E+00      1.0000E+00      1.0005E+00      4.0019E+00      8.9946E+01      9.0046E+01      1.0000E+00
      4.0092E+00      1.0006E+00      1.0000E+00      1.0014E+00      4.0061E+00      8.9827E+01      9.0142E+01      1.0000E+00
      4.0273E+00      1.0015E+00      1.0000E+00      1.0036E+00      4.0171E+00      8.9515E+01      9.0373E+01      1.0000E+00
      4.0730E+00      1.0048E+00      1.0003E+00      1.0094E+00      4.0356E+00      8.8642E+01      9.0832E+01      1.0000E+00
      4.0787E+00      1.0041E+00      1.0003E+00      1.0116E+00      4.0572E+00      8.8909E+01      9.1191E+01      1.0000E+00
      4.0064E+00      1.0115E+00      1.0003E+00      1.0234E+00      3.9794E+00      8.8907E+01      9.0729E+01      1.0000E+00
      3.9638E+00      1.0122E+00      1.0005E+00      1.0308E+00      3.9319E+00      8.9287E+01      9.0813E+01      1.0000E+00
      3.9552E+00      1.0133E+00      1.0006E+00      1.0321E+00      3.9164E+00      8.9125E+01      9.1132E+01      1.0000E+00
      3.9884E+00      1.0113E+00      1.0004E+00      1.0239E+00      3.9572E+00      8.8687E+01      9.0946E+01      1.0000E+00
      4.0716E+00      1.0061E+00      1.0003E+00      1.0131E+00      4.0453E+00      8.8948E+01      9.1358E+01      1.0000E+00
      4.0867E+00      1.0050E+00      1.0003E+00      1.0106E+00      4.0511E+00      8.8520E+01      9.1081E+01      1.0000E+00
      4.0473E+00      1.0024E+00      1.0001E+00      1.0048E+00      4.0305E+00      8.9224E+01      9.0538E+01      1.0000E+00
      4.0214E+00      1.0012E+00      1.0000E+00      1.0027E+00      4.0131E+00      8.9617E+01      9.0282E+01      1.0000E+00
      4.0074E+00      1.0004E+00      1.0000E+00      1.0011E+00      4.0047E+00      8.9859E+01      9.0111E+01      1.0000E+00
      4.0021E+00      1.0001E+00      1.0000E+00      1.0003E+00      4.0014E+00      8.9957E+01      9.0035E+01      1.0000E+00
      4.0005E+00      1.0000E+00      1.0000E+00      1.0001E+00      4.0003E+00      8.9989E+01      9.0009E+01      1.0000E+00
      4.0001E+00      1.0000E+00      1.0000E+00      1.0000E+00      4.0001E+00      8.9998E+01      9.0002E+01      1.0000E+00
      4.0000E+00      1.0000E+00      1.0000E+00      1.0000E+00      4.0000E+00      8.9999E+01      9.0001E+01      1.0000E+00
      4.0001E+00      1.0000E+00      1.0000E+00      1.0000E+00      4.0001E+00      8.9997E+01      9.0003E+01      1.0000E+00
      4.0006E+00      1.0001E+00      1.0000E+00      1.0002E+00      4.0006E+00      8.9987E+01      9.0013E+01      1.0000E+00
      4.0024E+00      1.0003E+00      1.0000E+00      1.0006E+00      4.0022E+00      8.9949E+01      9.0048E+01      1.0000E+00
      4.0083E+00      1.0008E+00      1.0000E+00      1.0018E+00      4.0073E+00      8.9836E+01      9.0158E+01      1.0000E+00
      4.0254E+00      1.0018E+00      1.0000E+00      1.0045E+00      4.0215E+00      8.9550E+01      9.0446E+01      1.0000E+00
      4.0792E+00      1.0040E+00      1.0003E+00      1.0115E+00      4.0577E+00      8.8899E+01      9.1196E+01      1.0000E+00
      4.4406E+00      1.0475E+00      1.0121E+00      1.0890E+00      4.0897E+00      8.1134E+01      9.4347E+01      1.0000E+00
      3.8107E+00      1.1333E+00      1.0255E+00      1.2368E+00      3.2756E+00      8.1214E+01      1.0239E+02      1.0000E+00
      3.9522E+00      1.1647E+00      1.0460E+00      1.2885E+00      3.4198E+00      7.5053E+01      1.0579E+02      1.0000E+00
      3.9339E+00      1.1683E+00      1.0503E+00      1.2975E+00      3.3889E+00      7.4468E+01      1.0641E+02      1.0000E+00
      3.7494E+00      1.1270E+00      1.0235E+00      1.2291E+00      3.2249E+00      8.1988E+01      1.0193E+02      1.0000E+00
      4.4029E+00      1.0412E+00      1.0095E+00      1.0801E+00      4.1113E+00      8.2127E+01      9.4449E+01      1.0000E+00
      4.1351E+00      1.0039E+00      1.0003E+00      1.0076E+00      4.1147E+00      8.8541E+01      9.1190E+01      1.0000E+00
      4.0779E+00      1.0048E+00      1.0003E+00      1.0111E+00      4.0466E+00      8.8676E+01      9.0981E+01      1.0000E+00
      4.0252E+00      1.0015E+00      1.0000E+00      1.0038E+00      4.0186E+00      8.9560E+01      9.0401E+01      1.0000E+00
      4.0076E+00      1.0006E+00      1.0000E+00      1.0013E+00      4.0061E+00      8.9853E+01      9.0140E+01      1.0000E+00
      4.0021E+00      1.0002E+00      1.0000E+00      1.0004E+00      4.0017E+00      8.9956E+01      9.0041E+01      1.0000E+00
      4.0005E+00      1.0001E+00      1.0000E+00      1.0001E+00      4.0004E+00      8.9989E+01      9.0010E+01      1.0000E+00
      4.0001E+00      1.0000E+00      1.0000E+00      1.0000E+00      4.0001E+00      8.9998E+01      9.0002E+01      1.0000E+00
      4.0000E+00      1.0000E+00      1.0000E+00      1.0000E+00      4.0000E+00      9.0000E+01      9.0000E+01      1.0000E+00
      4.0001E+00      1.0000E+00      1.0000E+00      1.0001E+00      4.0001E+00      8.9997E+01      9.0003E+01      1.0000E+00
      4.0004E+00      1.0001E+00      1.0000E+00      1.0002E+00      4.0002E+00      8.9988E+01      9.0012E+01      1.0000E+00
      4.0013E+00      1.0004E+00      1.0000E+00      1.0009E+00      4.0007E+00      8.9953E+01      9.0045E+01      1.0000E+00
      4.0038E+00      1.0014E+00      1.0000E+00      1.0031E+00      4.0017E+00      8.9848E+01      9.0140E+01      1.0000E+00
      4.0085E+00      1.0040E+00      1.0001E+00      1.0085E+00      4.0020E+00      8.9578E+01      9.0362E+01      1.0000E+00
      4.0085E+00      1.0113E+00      1.0004E+00      1.0231E+00      3.9824E+00      8.8892E+01      9.0765E+01      1.0000E+00
      3.8124E+00      1.1330E+00      1.0252E+00      1.2365E+00      3.2780E+00      8.1263E+01      1.0233E+02      1.0000E+00
      3.6375E+00      1.1617E+00      1.1227E+00      1.2793E+00      2.5970E+00      7.8978E+01      1.1704E+02      1.0000E+00
      4.3600E+00      1.0387E+00      1.0081E+00      1.0806E+00      4.0900E+00      8.2737E+01      9.4107E+01      1.0000E+00
      4.0418E+00      1.0093E+00      1.0002E+00      1.0162E+00      4.0181E+00      8.9210E+01      9.0997E+01      1.0000E+00
      4.0094E+00      1.0034E+00      1.0000E+00      1.0063E+00      4.0037E+00      8.9637E+01      9.0314E+01      1.0000E+00
      4.0030E+00      1.0011E+00      1.0000E+00      1.0023E+00      4.0011E+00      8.9868E+01      9.0109E+01      1.0000E+00
      4.0010E+00      1.0003E+00      1.0000E+00      1.0007E+00      4.0004E+00      8.9960E+01      9.0036E+01      1.0000E+00
      4.0003E+00      1.0001E+00      1.0000E+00      1.0002E+00      4.0002E+00      8.9990E+01      9.0009E+01      1.0000E+00
      4.0001E+00      1.0000E+00      1.0000E+00      1.0000E+00      4.0001E+00      8.9998E+01      9.0002E+01      1.0000E+00
      4.0000E+00      1.0000E+00      1.0000E+00      1.0000E+00      4.0000E+00      9.0000E+01      9.0000E+01      1.0000E+00
      4.0001E+00      1.0000E+00      1.0000E+00      1.0001E+00      4.0000E+00      8.9998E+01      9.0002E+01      1.0000E+00
      4.0002E+00      1.0001E+00      1.0000E+00      1.0003E+00      3.9999E+00      8.9992E+01      9.0008E+01      1.0000E+00
      4.0004E+00      1.0005E+00      1.0000E+00      1.0013E+00      3.9992E+00      8.9969E+01      9.0030E+01      1.0000E+00
      3.9996E+00      1.0017E+00      1.0000E+00      1.0042E+00      3.9956E+00      8.9896E+01      9.0096E+01      1.0000E+00
      3.9938E+00      1.0048E+00      1.0001E+00      1.0120E+00      3.9821E+00      8.9701E+01      9.0276E+01      1.0000E+00
      3.9704E+00      1.0128E+00      1.0005E+00      1.0313E+00      3.9373E+00      8.9252E+01      9.0908E+01      1.0000E+00
      3.9612E+00      1.1659E+00      1.0471E+00      1.2907E+00      3.4247E+00      7.4864E+01      1.0597E+02      1.0000E+00
      3.6386E+00      1.1415E+00      1.0317E+00      1.2413E+00      3.0790E+00      8.0674E+01      1.0404E+02      1.0000E+00
      3.9272E+00      1.0157E+00      1.0006E+00      1.0357E+00      3.8638E+00      8.8982E+01      9.0824E+01      1.0000E+00
      3.9850E+00      1.0045E+00      1.0001E+00      1.0112E+00      3.9696E+00      8.9679E+01      9.0222E+01      1.0000E+00
      3.9975E+00      1.0014E+00      1.0000E+00      1.0036E+00      3.9932E+00      8.9898E+01      9.0084E+01      1.0000E+00
      3.9998E+00      1.0004E+00      1.0000E+00      1.0010E+00      3.9987E+00      8.9971E+01      9.0026E+01      1.0000E+00
      4.0001E+00      1.0001E+00      1.0000E+00      1.0003E+00      3.9998E+00      8.9993E+01      9.0006E+01      1.0000E+00
      4.0001E+00      1.0000E+00      1.0000E+00      1.0001E+00      4.0000E+00      8.9998E+01      9.0001E+01      1.0000E+00
      4.0000E+00      1.0000E+00      1.0000E+00      1.0000E+00      4.0000E+00      9.0000E+01      9.0000E+01      1.0000E+00
      4.0001E+00      1.0000E+00      1.0000E+00      1.0001E+00      4.0000E+00      8.9998E+01      9.0002E+01      1.0000E+00
      4.0002E+00      1.0001E+00      1.0000E+00      1.0003E+00      3.9999E+00      8.9992E+01      9.0008E+01      1.0000E+00
      4.0004E+00      1.0005E+00      1.0000E+00      1.0013E+00      3.9992E+00      8.9969E+01      9.0030E+01      1.0000E+00
      3.9996E+00      1.0017E+00      1.0000E+00      1.0042E+00      3.9956E+00      8.9896E+01      9.0096E+01      1.0000E+00
      3.9938E+00      1.0048E+00      1.0001E+00      1.0120E+00      3.9821E+00      8.9701E+01      9.0276E+01      1.0000E+00
      3.9704E+00      1.0128E+00      1.0005E+00      1.0313E+00      3.9373E+00      8.9252E+01      9.0908E+01      1.0000E+00
      3.9612E+00      1.1659E+00      1.0471E+00      1.2907E+00      3.4247E+00      7.4864E+01      1.0597E+02      1.0000E+00
      3.6386E+00      1.1415E+00      1.0317E+00      1.2413E+00      3.0790E+00      8.0674E+01      1.0404E+02      1.0000E+00
      3.9272E+00      1.0157E+00      1.0006E+00      1.0357E+00      3.8638E+00      8.8982E+01      9.0824E+01      1.0000E+00
      3.9850E+00      1.0045E+00      1.0001E+00      1.0112E+00      3.9696E+00      8.9679E+01      9.0222E+01      1.0000E+00
      3.9975E+00      1.0014E+00      1.0000E+00      1.0036E+00      3.9932E+00      8.9898E+01      9.0084E+01      1.0000E+00
      3.9998E+00      1.0004E+00      1.0000E+00      1.0010E+00      3.9987E+00      8.9971E+01      9.0026E+01      1.0000E+00
      4.0001E+00      1.0001E+00      1.0000E+00      1.0003E+00      3.9998E+00      8.9993E+01      9.0006E+01      1.0000E+00
      4.0001E+00      1.0000E+00      1.0000E+00      1.0001E+00      4.0000E+00      8.9998E+01      9.0001E+01      1.0000E+00
      4.0000E+00      1.0000E+00      1.0000E+00      1.0000E+00      4.0000E+00      9.0000E+01      9.0000E+01      1.0000E+00
      4.0001E+00      1.0000E+00      1.0000E+00      1.0001E+00      4.0001E+00      8.9997E+01      9.0003E+01      1.0000E+00
      4.0004E+00      1.0001E+00      1.0000E+00      1.0002E+00      4.0002E+00      8.9988E+01      9.0012E+01      1.0000E+00
      4.0013E+00      1.0004E+00      1.0000E+00      1.0009E+00      4.0007E+00      8.9953E+01      9.0045E+01      1.0000E+00
      4.0038E+00      1.0014E+00      1.0000E+00      1.0031E+00      4.0017E+00      8.9848E+01      9.0140E+01      1.0000E+00
      4.0085E+00      1.0040E+00      1.0001E+00      1.0085E+00      4.0020E+00      8.9578E+01      9.0362E+01      1.0000E+00
      4.0085E+00      1.0113E+00      1.0004E+00      1.0231E+00      3.9824E+00      8.8892E+01      9.0765E+01      1.0000E+00
      3.8124E+00      1.1330E+00      1.0252E+00      1.2365E+00      3.2780E+00      8.1263E+01      1.0233E+02      1.0000E+00
      3.6375E+00      1.1617E+00      1.1227E+00      1.2793E+00      2.5970E+00      7.8978E+01      1.1704E+02      1.0000E+00
      4.3600E+00      1.0387E+00      1.0081E+00      1.0806E+00      4.0900E+00      8.2737E+01      9.4107E+01      1.0000E+00
      4.0418E+00      1.0093E+00      1.0002E+00      1.0162E+00      4.0181E+00      8.9210E+01      9.0997E+01      1.0000E+00
      4.0094E+00      1.0034E+00      1.0000E+00      1.0063E+00      4.0037E+00      8.9637E+01      9.0314E+01      1.0000E+00
      4.0030E+00      1.0011E+00      1.0000E+00      1.0023E+00      4.0011E+00      8.9868E+01      9.0109E+01      1.0000E+00
      4.0010E+00      1.0003E+00      1.0000E+00      1.0007E+00      4.0004E+00      8.9960E+01      9.0036E+01      1.0000E+00
      4.0003E+00      1.0001E+00      1.0000E+00      1.0002E+00      4.0002E+00      8.9990E+01      9.0009E+01      1.0000E+00
      4.0001E+00      1.0000E+00      1.0000E+00      1.0000E+00      4.0001E+00      8.9998E+01      9.0002E+01      1.0000E+00
      4.0000E+00      1.0000E+00      1.0000E+00      1.0000E+00      4.0000E+00      8.9999E+01      9.0001E+01      1.0000E+00
      4.0001E+00      1.0000E+00      1.0000E+00      1.0000E+00      4.0001E+00      8.9997E+01      9.0003E+01      1.0000E+00
      4.0006E+00      1.0001E+00      1.0000E+00      1.0002E+00      4.0006E+00      8.9987E+01      9.0013E+01      1.0000E+00
      4.0024E+00      1.0003E+00      1.0000E+00      1.0006E+00      4.0022E+00      8.9949E+01      9.0048E+01      1.0000E+00
      4.0083E+00      1.0008E+00      1.0000E+00      1.0018E+00      4.0073E+00      8.9836E+01      9.0158E+01      1.0000E+00
      4.0254E+00      1.0018E+00      1.0000E+00      1.0045E+00      4.0215E+00      8.9550E+01      9.0446E+01      1.0000E+00
      4.0792E+00      1.0040E+00      1.0003E+00      1.0115E+00      4.0577E+00      8.8899E+01      9.1196E+01      1.0000E+00
      4.4406E+00      1.0475E+00      1.0121E+00      1.0890E+00      4.0897E+00      8.1134E+01      9.4347E+01      1.0000E+00
      3.8107E+00      1.1333E+00      1.0255E+00      1.2368E+00      3.2756E+00      8.1214E+01      1.0239E+02      1.0000E+00
      3.9522E+00      1.1647E+00      1.0460E+00      1.2885E+00      3.4198E+00      7.5053E+01      1.0579E+02      1.0000E+00
      3.9339E+00      1.1683E+00      1.0503E+00      1.2975E+00      3.3889E+00      7.4468E+01      1.0641E+02      1.0000E+00
      3.7494E+00      1.1270E+00      1.0235E+00      1.2291E+00      3.2249E+00      8.1988E+01      1.0193E+02      1.0000E+00
      4.4029E+00      1.0412E+00      1.0095E+00      1.0801E+00      4.1113E+00      8.2127E+01      9.4449E+01      1.0000E+00
      4.1351E+00      1.0039E+00      1.0003E+00      1.0076E+00      4.1147E+00      8.8541E+01      9.1190E+01      1.0000E+00
      4.0779E+00      1.0048E+00      1.0003E+00      1.0111E+00      4.0466E+00      8.8676E+01      9.0981E+01      1.0000E+00
      4.0252E+00      1.0015E+00      1.0000E+00      1.0038E+00      4.0186E+00      8.9560E+01      9.0401E+01      1.0000E+00
      4.0076E+00      1.0006E+00      1.0000E+00      1.0013E+00      4.0061E+00      8.9853E+01      9.0140E+01      1.0000E+00
      4.0021E+00      1.0002E+00      1.0000E+00      1.0004E+00      4.0017E+00      8.9956E+01      9.0041E+01      1.0000E+00
      4.0005E+00      1.0001E+00      1.0000E+00      1.0001E+00      4.0004E+00      8.9989E+01      9.0010E+01      1.0000E+00
      4.0001E+00      1.0000E+00      1.0000E+00      1.0000E+00      4.0001E+00      8.9998E+01      9.0002E+01      1.0000E+00
      4.0000E+00      1.0000E+00      1.0000E+00      1.0000E+00      4.0000E+00      8.9999E+01      9.0000E+01      1.0000E+00
      4.0001E+00      1.0000E+00      1.0000E+00      1.0000E+00      4.0001E+00      8.9997E+01      9.0003E+01      1.0000E+00
      4.0007E+00      1.0001E+00      1.0000E+00      1.0001E+00      4.0005E+00      8.9986E+01      9.0012E+01      1.0000E+00
      4.0027E+00      1.0002E+00      1.0000E+00      1.0005E+00      4.0019E+00      8.9946E+01      9.0046E+01      1.0000E+00
      4.0092E+00      1.0006E+00      1.0000E+00      1.0014E+00      4.0061E+00      8.9827E+01      9.0142E+01      1.0000E+00
      4.0273E+00      1.0015E+00      1.0000E+00      1.0036E+00      4.0171E+00      8.9515E+01      9.0373E+01      1.0000E+00
      4.0730E+00      1.0048E+00      1.0003E+00      1.0094E+00      4.0356E+00      8.8642E+01      9.0832E+01      1.0000E+00
      4.0787E+00      1.0041E+00      1.0003E+00      1.0116E+00      4.0572E+00      8.8909E+01      9.1191E+01      1.0000E+00
      4.0064E+00      1.0115E+00      1.0003E+00      1.0234E+00      3.9794E+00      8.8907E+01      9.0729E+01      1.0000E+00
      3.9638E+00      1.0122E+00      1.0005E+00      1.0308E+00      3.9319E+00      8.9287E+01      9.0813E+01      1.0000E+00
      3.9552E+00      1.0133E+00      1.0006E+00      1.0321E+00      3.9164E+00      8.9125E+01      9.1132E+01      1.0000E+00
      3.9884E+00      1.0113E+00      1.0004E+00      1.0239E+00      3.9572E+00      8.8687E+01      9.0946E+01      1.0000E+00
      4.0716E+00      1.0061E+00      1.0003E+00      1.0131E+00      4.0453E+00      8.8948E+01      9.1358E+01      1.0000E+00
      4.0867E+00      1.0050E+00      1.0003E+00      1.0106E+00      4.0511E+00      8.8520E+01      9.1081E+01      1.0000E+00
      4.0473E+00      1.0024E+00      1.0001E+00      1.0048E+00      4.0305E+00      8.9224E+01      9.0538E+01      1.0000E+00
      4.0214E+00      1.0012E+00      1.0000E+00      1.0027E+00      4.0131E+00      8.9617E+01      9.0282E+01      1.0000E+00
      4.0074E+00      1.0004E+00      1.0000E+00      1.0011E+00      4.0047E+00      8.9859E+01      9.0111E+01      1.0000E+00
      4.0021E+00      1.0001E+00      1.0000E+00      1.0003E+00      4.0014E+00      8.9957E+01      9.0035E+01      1.0000E+00
      4.0005E+00      1.0000E+00      1.0000E+00      1.0001E+00      4.0003E+00      8.9989E+01      9.0009E+01      1.0000E+00
      4.0001E+00      1.0000E+00      1.0000E+00      1.0000E+00      4.0001E+00      8.9998E+01      9.0002E+01      1.0000E+00
      4.0000E+00      1.0000E+00      1.0000E+00      1.0000E+00      4.0000E+00      9.0000E+01      9.0000E+01      1.0000E+00
      4.0001E+00      1.0000E+00      1.0000E+00      1.0000E+00      4.0001E+00      8.9998E+01      9.0002E+01      1.0000E+00
      4.0005E+00      1.0000E+00      1.0000E+00      1.0001E+00      4.0003E+00      8.9989E+01      9.0009E+01      1.0000E+00
      4.0020E+00      1.0001E+00      1.0000E+00      1.0003E+00      4.0012E+00      8.9959E+01      9.0031E+01      1.0000E+00
      4.0064E+00      1.0004E+00      1.0000E+00      1.0009E+00      4.0037E+00      8.9876E+01      9.0089E+01      1.0000E+00
      4.0163E+00      1.0009E+00      1.0000E+00      1.0018E+00      4.0089E+00      8.9695E+01      9.0201E+01      1.0000E+00
      4.0272E+00      1.0015E+00      1.0000E+00      1.0036E+00      4.0170E+00      8.9516E+01      9.0373E+01      1.0000E+00
      4.0251E+00      1.0018E+00      1.0000E+00      1.0045E+00      4.0214E+00      8.9557E+01      9.0442E+01      1.0000E+00
      4.0073E+00      1.0040E+00      1.0001E+00      1.0086E+00      4.0002E+00      8.9585E+01      9.0345E+01      1.0000E+00
      3.9907E+00      1.0049E+00      1.0001E+00      1.0123E+00      3.9777E+00      8.9716E+01      9.0240E+01      1.0000E+00
      3.9882E+00      1.0045E+00      1.0001E+00      1.0121E+00      3.9759E+00      8.9635E+01      9.0359E+01      1.0000E+00
      4.0027E+00      1.0041E+00      1.0001E+00      1.0090E+00      3.9940E+00      8.9480E+01      9.0443E+01      1.0000E+00
      4.0237E+00      1.0023E+00      1.0001E+00      1.0049E+00      4.0190E+00      8.9513E+01      9.0536E+01      1.0000E+00
      4.0314E+00      1.0014E+00      1.0000E+00      1.0038E+00      4.0217E+00      8.9440E+01      9.0487E+01      1.0000E+00
      4.0230E+00      1.0012E+00      1.0000E+00      1.0026E+00      4.0139E+00      8.9586E+01      9.0304E+01      1.0000E+00
      4.0116E+00      1.0007E+00      1.0000E+00      1.0013E+00      4.0068E+00      8.9785E+01      9.0146E+01      1.0000E+00
      4.0046E+00      1.0003E+00      1.0000E+00      1.0006E+00      4.0026E+00      8.9911E+01      9.0063E+01      1.0000E+00
      4.0014E+00      1.0001E+00      1.0000E+00      1.0002E+00      4.0008E+00      8.9971E+01      9.0021E+01      1.0000E+00
      4.0004E+00      1.0000E+00      1.0000E+00      1.0001E+00      4.0002E+00      8.9992E+01      9.0006E+01      1.0000E+00
      4.0001E+00      1.0000E+00      1.0000E+00      1.0000E+00      4.0000E+00      8.9998E+01      9.0001E+01      1.0000E+00
      4.0000E+00      1.0000E+00      1.0000E+00      1.0000E+00      4.0000E+00      9.0000E+01      9.0000E+01      1.0000E+00
      4.0001E+00      1.0000E+00      1.0000E+00      1.0000E+00      4.0000E+00      8.9999E+01      9.0001E+01      1.0000E+00
      4.0003E+00      1.0000E+00      1.0000E+00      1.0000E+00      4.0002E+00      8.9993E+01      9.0005E+01      1.0000E+00
      4.0011E+00      1.0001E+00      1.0000E+00      1.0002E+00      4.0006E+00      8.9977E+01      9.0016E+01      1.0000E+00
      4.0031E+00      1.0002E+00      1.0000E+00      1.0004E+00      4.0016E+00      8.9938E+01      9.0041E+01      1.0000E+00
      4.0064E+00      1.0004E+00      1.0000E+00      1.0009E+00      4.0037E+00      8.9876E+01      9.0089E+01      1.0000E+00
      4.0091E+00      1.0006E+00      1.0000E+00      1.0014E+00      4.0061E+00      8.9828E+01      9.0142E+01      1.0000E+00
      4.0081E+00      1.0008E+00      1.0000E+00      1.0017E+00      4.0072E+00      8.9839E+01      9.0156E+01      1.0000E+00
      4.0033E+00      1.0014E+00      1.0000E+00      1.0031E+00      4.0009E+00      8.9850E+01      9.0134E+01      1.0000E+00
      3.9986E+00      1.0017E+00      1.0000E+00      1.0043E+00      3.9941E+00      8.9902E+01      9.0085E+01      1.0000E+00
      3.9980E+00      1.0016E+00      1.0000E+00      1.0043E+00      3.9936E+00      8.9870E+01      9.0125E+01      1.0000E+00
      4.0023E+00      1.0014E+00      1.0000E+00      1.0033E+00      3.9995E+00      8.9810E+01      9.0171E+01      1.0000E+00
      4.0079E+00      1.0009E+00      1.0000E+00      1.0018E+00      4.0071E+00      8.9813E+01      9.0194E+01      1.0000E+00
      4.0104E+00      1.0006E+00      1.0000E+00      1.0015E+00      4.0074E+00      8.9794E+01      9.0185E+01      1.0000E+00
      4.0084E+00      1.0004E+00      1.0000E+00      1.0011E+00      4.0051E+00      8.9838E+01      9.0127E+01      1.0000E+00
      4.0048E+00      1.0003E+00      1.0000E+00      1.0006E+00      4.0027E+00      8.9906E+01      9.0066E+01      1.0000E+00
      4.0021E+00      1.0001E+00      1.0000E+00      1.0003E+00      4.0011E+00      8.9958E+01      9.0027E+01      1.0000E+00
      4.0007E+00      1.0000E+00      1.0000E+00      1.0001E+00      4.0003E+00      8.9985E+01      9.0010E+01      1.0000E+00
      4.0002E+00      1.0000E+00      1.0000E+00      1.0000E+00      4.0001E+00      8.9996E+01      9.0003E+01      1.0000E+00
      4.0000E+00      1.0000E+00      1.0000E+00      1.0000E+00      4.0000E+00      8.9999E+01      9.0001E+01      1.0000E+00
      4.0000E+00      1.0000E+00      1.0000E+00      1.0000E+00      4.0000E+00      9.0000E+01      9.0000E+01      1.0000E+00
      4.0000E+00      1.0000E+00      1.0000E+00      1.0000E+00      4.0000E+00      8.9999E+01      9.0000E+01      1.0000E+00
      4.0001E+00      1.0000E+00      1.0000E+00      1.0000E+00      4.0001E+00      8.9997E+01      9.0002E+01      1.0000E+00
      4.0004E+00      1.0000E+00      1.0000E+00      1.0001E+00      4.0002E+00      8.9991E+01      9.0006E+01      1.0000E+00
      4.0011E+00      1.0001E+00      1.0000E+00      1.0002E+00      4.0006E+00      8.9977E+01      9.0016E+01      1.0000E+00
      4.0020E+00      1.0001E+00      1.0000E+00      1.0003E+00      4.0012E+00      8.9959E+01      9.0031E+01      1.0000E+00
      4.0027E+00      1.0002E+00      1.0000E+00      1.0005E+00      4.0018E+00      8.9946E+01      9.0045E+01      1.0000E+00
      4.0024E+00      1.0003E+00      1.0000E+00      1.0006E+00      4.0022E+00      8.9950E+01      9.0048E+01      1.0000E+00
      4.0012E+00      1.0004E+00      1.0000E+00      1.0010E+00      4.0005E+00      8.9954E+01      9.0044E+01      1.0000E+00
      4.0001E+00      1.0005E+00      1.0000E+00      1.0013E+00      3.9988E+00      8.9971E+01      9.0027E+01      1.0000E+00
      4.0000E+00      1.0005E+00      1.0000E+00      1.0013E+00      3.9987E+00      8.9961E+01      9.0038E+01      1.0000E+00
      4.0010E+00      1.0004E+00      1.0000E+00      1.0010E+00      4.0002E+00      8.9942E+01      9.0055E+01      1.0000E+00
      4.0024E+00      1.0003E+00      1.0000E+00      1.0006E+00      4.0023E+00      8.9941E+01      9.0059E+01      1.0000E+00
      4.0030E+00      1.0002E+00      1.0000E+00      1.0005E+00      4.0022E+00      8.9936E+01      9.0058E+01      1.0000E+00
      4.0025E+00      1.0001E+00      1.0000E+00      1.0004E+00      4.0015E+00      8.9948E+01      9.0042E+01      1.0000E+00
      4.0016E+00      1.0001E+00      1.0000E+00      1.0002E+00      4.0008E+00      8.9968E+01      9.0023E+01      1.0000E+00
      4.0007E+00      1.0000E+00      1.0000E+00      1.0001E+00      4.0004E+00      8.9985E+01      9.0010E+01      1.0000E+00
      4.0003E+00      1.0000E+00      1.0000E+00      1.0000E+00      4.0001E+00      8.9994E+01      9.0004E+01      1.0000E+00
      4.0001E+00      1.0000E+00      1.0000E+00      1.0000E+00      4.0000E+00      8.9998E+01      9.0001E+01      1.0000E+00
      4.0000E+00      1.0000E+00      1.0000E+00      1.0000E+00      4.0000E+00      9.0000E+01      9.0000E+01      1.0000E+00
      4.0000E+00      1.0000E+00      1.0000E+00      1.0000E+00      4.0000E+00      9.0000E+01      9.0000E+01      1.0000E+00
      4.0000E+00      1.0000E+00      1.0000E+00      1.0000E+00      4.0000E+00      9.0000E+01      9.0000E+01      1.0000E+00
      4.0000E+00      1.0000E+00      1.0000E+00      1.0000E+00      4.0000E+00      8.9999E+01      9.0001E+01      1.0000E+00
      4.0001E+00      1.0000E+00      1.0000E+00      1.0000E+00      4.0001E+00      8.9997E+01      9.0002E+01      1.0000E+00
      4.0003E+00      1.0000E+00      1.0000E+00      1.0000E+00      4.0002E+00      8.9994E+01      9.0005E+01      1.0000E+00
      4.0005E+00      1.0000E+00      1.0000E+00      1.0001E+00      4.0003E+00      8.9989E+01      9.0008E+01      1.0000E+00
      4.0007E+00      1.0001E+00      1.0000E+00      1.0001E+00      4.0005E+00      8.9986E+01      9.0012E+01      1.0000E+00
      4.0006E+00      1.0001E+00      1.0000E+00      1.0002E+00      4.0006E+00      8.9987E+01      9.0012E+01      1.0000E+00
      4.0004E+00      1.0001E+00      1.0000E+00      1.0003E+00      4.0002E+00      8.9988E+01      9.0012E+01      1.0000E+00
      4.0001E+00      1.0001E+00      1.0000E+00      1.0003E+00      3.9998E+00      8.9993E+01      9.0007E+01      1.0000E+00
      4.0001E+00      1.0001E+00      1.0000E+00      1.0003E+00      3.9998E+00      8.9990E+01      9.0010E+01      1.0000E+00
      4.0003E+00      1.0001E+00      1.0000E+00      1.0003E+00      4.0002E+00      8.9985E+01      9.0014E+01      1.0000E+00
      4.0006E+00      1.0001E+00      1.0000E+00      1.0002E+00      4.0006E+00      8.9985E+01      9.0015E+01      1.0000E+00
      4.0007E+00      1.0001E+00      1.0000E+00      1.0001E+00      4.0005E+00      8.9983E+01      9.0015E+01      1.0000E+00
      4.0006E+00      1.0000E+00      1.0000E+00      1.0001E+00      4.0004E+00      8.9986E+01      9.0011E+01      1.0000E+00
      4.0004E+00      1.0000E+00      1.0000E+00      1.0001E+00      4.0002E+00      8.9991E+01      9.0006E+01      1.0000E+00
      4.0002E+00      1.0000E+00      1.0000E+00      1.0000E+00      4.0001E+00      8.9996E+01      9.0003E+01      1.0000E+00
      4.0001E+00      1.0000E+00      1.0000E+00      1.0000E+00      4.0000E+00      8.9998E+01      9.0001E+01      1.0000E+00
      4.0000E+00      1.0000E+00      1.0000E+00      1.0000E+00      4.0000E+00      8.9999E+01      9.0000E+01      1.0000E+00
      4.0000E+00      1.0000E+00      1.0000E+00      1.0000E+00      4.0000E+00      9.0000E+01      9.0000E+01      1.0000E+00
      4.0000E+00      1.0000E+00      1.0000E+00      1.0000E+00      4.0000E+00      9.0000E+01      9.0000E+01      1.0000E+00
      4.0000E+00      1.0000E+00      1.0000E+00      1.0000E+00      4.0000E+00      9.0000E+01      9.0000E+01      1.0000E+00
      4.0000E+00      1.0000E+00      1.0000E+00      1.0000E+00      4.0000E+00      9.0000E+01      9.0000E+01      1.0000E+00
      4.0000E+00      1.0000E+00      1.0000E+00      1.0000E+00      4.0000E+00      8.9999E+01      9.0000E+01      1.0000E+00
      4.0001E+00      1.0000E+00      1.0000E+00      1.0000E+00      4.0000E+00      8.9999E+01      9.0001E+01      1.0000E+00
      4.0001E+00      1.0000E+00      1.0000E+00      1.0000E+00      4.0001E+00      8.9998E+01      9.0002E+01      1.0000E+00
      4.0001E+00      1.0000E+00      1.0000E+00      1.0000E+00      4.0001E+00      8.9997E+01      9.0003E+01      1.0000E+00
      4.0001E+00      1.0000E+00      1.0000E+00      1.0000E+00      4.0001E+00      8.9997E+01      9.0003E+01      1.0000E+00
      4.0001E+00      1.0000E+00      1.0000E+00      1.0001E+00      4.0001E+00      8.9998E+01      9.0002E+01      1.0000E+00
      4.0001E+00      1.0000E+00      1.0000E+00      1.0001E+00      4.0000E+00      8.9999E+01      9.0001E+01      1.0000E+00
      4.0001E+00      1.0000E+00      1.0000E+00      1.0001E+00      4.0000E+00      8.9998E+01      9.0002E+01      1.0000E+00
      4.0001E+00      1.0000E+00      1.0000E+00      1.0001E+00      4.0001E+00      8.9997E+01      9.0003E+01      1.0000E+00
      4.0001E+00      1.0000E+00      1.0000E+00      1.0000E+00      4.0001E+00      8.9997E+01      9.0003E+01      1.0000E+00
      4.0001E+00      1.0000E+00      1.0000E+00      1.0000E+00      4.0001E+00      8.9997E+01      9.0003E+01      1.0000E+00
      4.0001E+00      1.0000E+00      1.0000E+00      1.0000E+00      4.0001E+00      8.9997E+01      9.0002E+01      1.0000E+00
      4.0001E+00      1.0000E+00      1.0000E+00      1.0000E+00      4.0000E+00      8.9998E+01      9.0001E+01      1.0000E+00
      4.0000E+00      1.0000E+00      1.0000E+00      1.0000E+00      4.0000E+00      8.9999E+01      9.0001E+01      1.0000E+00
      4.0000E+00      1.0000E+00      1.0000E+00      1.0000E+00      4.0000E+00      9.0000E+01      9.0000E+01      1.0000E+00
      4.0000E+00      1.0000E+00      1.0000E+00      1.0000E+00      4.0000E+00      9.0000E+01      9.0000E+01      1.0000E+00
      4.0000E+00      1.0000E+00      1.0000E+00      1.0000E+00      4.0000E+00      9.0000E+01      9.0000E+01      1.0000E+00
      4.0000E+00      1.0000E+00      1.0000E+00      1.0000E+00      4.0000E+00      9.0000E+01      9.0000E+01      1.0000E+00
      4.0000E+00      1.0000E+00      1.0000E+00      1.0000E+00      4.0000E+00      9.0000E+01      9.0000E+01      1.0000E+00
      4.0000E+00      1.0000E+00      1.0000E+00      1.0000E+00      4.0000E+00      9.0000E+01      9.0000E+01      1.0000E+00
      4.0000E+00      1.0000E+00      1.0000E+00      1.0000E+00      4.0000E+00      9.0000E+01      9.0000E+01      1.0000E+00
      4.0000E+00      1.0000E+00      1.0000E+00      1.0000E+00      4.0000E+00      9.0000E+01      9.0000E+01      1.0000E+00
      4.0000E+00      1.0000E+00      1.0000E+00      1.0000E+00      4.0000E+00      9.0000E+01      9.0000E+01      1.0000E+00
      4.0000E+00      1.0000E+00      1.0000E+00      1.0000E+00      4.0000E+00      8.9999E+01      9.0000E+01      1.0000E+00
      4.0000E+00      1.0000E+00      1.0000E+00      1.0000E+00      4.0000E+00      8.9999E+01      9.0001E+01      1.0000E+00
      4.0000E+00      1.0000E+00      1.0000E+00      1.0000E+00      4.0000E+00      9.0000E+01      9.0000E+01      1.0000E+00
      4.0000E+00      1.0000E+00      1.0000E+00      1.0000E+00      4.0000E+00      9.0000E+01      9.0000E+01      1.0000E+00
      4.0000E+00      1.0000E+00      1.0000E+00      1.0000E+00      4.0000E+00      9.0000E+01      9.0000E+01      1.0000E+00
      4.0000E+00      1.0000E+00      1.0000E+00      1.0000E+00      4.0000E+00      8.9999E+01      9.0001E+01      1.0000E+00
      4.0000E+00      1.0000E+00      1.0000E+00      1.0000E+00      4.0000E+00      8.9999E+01      9.0001E+01      1.0000E+00
      4.0000E+00      1.0000E+00      1.0000E+00      1.0000E+00      4.0000E+00      8.9999E+01      9.0001E+01      1.0000E+00
      4.0000E+00      1.0000E+00      1.0000E+00      1.0000E+00      4.0000E+00      8.9999E+01      9.0000E+01      1.0000E+00
      4.0000E+00      1.0000E+00      1.0000E+00      1.0000E+00      4.0000E+00      9.0000E+01      9.0000E+01      1.0000E+00
      4.0000E+00      1.0000E+00      1.0000E+00      1.0000E+00      4.0000E+00      9.0000E+01      9.0000E+01      1.0000E+00
      4.0000E+00      1.0000E+00      1.0000E+00      1.0000E+00      4.0000E+00      9.0000E+01      9.0000E+01      1.0000E+00
      4.0000E+00      1.0000E+00      1.0000E+00      1.0000E+00      4.0000E+00      9.0000E+01      9.0000E+01      1.0000E+00
      4.0000E+00      1.0000E+00      1.0000E+00      1.0000E+00      4.0000E+00      9.0000E+01      9.0000E+01      1.0000E+00
      1.6445E+00      1.5461E+00      1.3787E+00      2.1097E+00      9.4784E-01      5.8224E+01      1.2803E+02      1.0000E+00
      1.6442E+00      1.5470E+00      1.3797E+00      2.1093E+00      9.4742E-01      5.8165E+01      1.2810E+02      1.0000E+00
      9.3682E-01      1.0918E+00      1.0301E+00      1.1783E+00      7.7420E-01      8.3931E+01      1.0388E+02      1.0000E+00
      1.6277E+00      1.6822E+00      1.6163E+00      2.3328E+00      7.9871E-01      5.3035E+01      1.3666E+02      1.0000E+00
      7.6555E-01      1.2152E+00      1.0582E+00      1.5090E+00      5.8135E-01      7.5510E+01      1.0294E+02      1.0000E+00
      1.2635E+00      1.6627E+00      1.4281E+00      2.5074E+00      6.5517E-01      5.1930E+01      1.2040E+02      1.0000E+00
      1.6146E+00      1.6907E+00      1.5857E+00      2.3280E+00      8.0769E-01      5.3044E+01      1.3584E+02      1.0000E+00
      1.2616E+00      1.6624E+00      1.4144E+00      2.5135E+00      6.5048E-01      5.2470E+01      1.1970E+02      1.0000E+00
      7.6212E-01      1.2116E+00      1.0556E+00      1.5051E+00      5.7798E-01      7.6955E+01      1.0446E+02      1.0000E+00
      1.5850E+00      1.5643E+00      1.4196E+00      2.1001E+00      8.8254E-01      5.7349E+01      1.3066E+02      1.0000E+00
      9.2840E-01      1.1447E+00      1.0356E+00      1.2928E+00      7.2742E-01      7.9836E+01      1.0484E+02      1.0000E+00
      1.4721E+00      1.4673E+00      1.3303E+00      2.0105E+00      9.1581E-01      5.9559E+01      1.2450E+02      1.0000E+00
      1.6269E+00      1.6871E+00      1.6203E+00      2.3355E+00      7.9531E-01      5.2939E+01      1.3685E+02      1.0000E+00
      7.6555E-01      1.2140E+00      1.0583E+00      1.5087E+00      5.8127E-01      7.5597E+01      1.0301E+02      1.0000E+00
      1.2645E+00      1.6587E+00      1.4236E+00      2.5062E+00      6.5585E-01      5.2197E+01      1.2014E+02      1.0000E+00
      4.1075E-01      1.5216E+00      1.3106E+00      2.0557E+00      2.3192E-01      6.2550E+01      1.2627E+02      1.0000E+00
      4.1047E-01      1.5234E+00      1.3122E+00      2.0553E+00      2.3176E-01      6.2413E+01      1.2638E+02      1.0000E+00
      2.4390E-01      1.1029E+00      1.0476E+00      1.1927E+00      1.9656E-01      8.3753E+01      1.0735E+02      1.0000E+00
      4.3077E-01      1.6335E+00      1.6075E+00      2.3238E+00      2.1721E-01      5.3636E+01      1.3526E+02      1.0000E+00
      2.0174E-01      1.2175E+00      1.0563E+00      1.4831E+00      1.5427E-01      7.4088E+01      1.0120E+02      1.0000E+00
      3.4197E-01      1.7448E+00      1.4828E+00      2.5852E+00      1.7361E-01      4.9106E+01      1.2353E+02      1.0000E+00
      4.3019E-01      1.6416E+00      1.6155E+00      2.3293E+00      2.1555E-01      5.3428E+01      1.3563E+02      1.0000E+00
      2.0158E-01      1.2163E+00      1.0567E+00      1.4837E+00      1.5412E-01      7.4146E+01      1.0124E+02      1.0000E+00
      3.4126E-01      1.7361E+00      1.4756E+00      2.5774E+00      1.7343E-01      4.9404E+01      1.2313E+02      1.0000E+00
      1.0935E-01      1.5130E+00      1.3081E+00      2.0696E+00      6.1117E-02      6.3397E+01      1.2592E+02      1.0000E+00
      1.0923E-01      1.5148E+00      1.3091E+00      2.0704E+00      6.1071E-02      6.3272E+01      1.2598E+02      1.0000E+00
      6.3731E-02      1.1065E+00      1.0521E+00      1.1981E+00      5.0907E-02      8.3409E+01      1.0810E+02      1.0000E+00
      1.1408E-01      1.5989E+00      1.5817E+00      2.3176E+00      5.7894E-02      5.5040E+01      1.3399E+02      1.0000E+00
      5.2535E-02      1.2228E+00      1.0535E+00      1.4785E+00      4.0267E-02      7.3990E+01      1.0108E+02      1.0000E+00
      8.9571E-02      1.7856E+00      1.5070E+00      2.6184E+00      4.5088E-02      4.7922E+01      1.2493E+02      1.0000E+00
      1.1376E-01      1.6046E+00      1.5897E+00      2.3226E+00      5.7421E-02      5.4849E+01      1.3432E+02      1.0000E+00
      5.2427E-02      1.2235E+00      1.0540E+00      1.4801E+00      4.0173E-02      7.3929E+01      1.0116E+02      1.0000E+00
      8.8964E-02      1.7799E+00      1.5015E+00      2.6072E+00      4.4804E-02      4.7976E+01      1.2464E+02      1.0000E+00
      2.8300E-02      1.5094E+00      1.3123E+00      2.0816E+00      1.5754E-02      6.3505E+01      1.2587E+02      1.0000E+00
      2.8255E-02      1.5089E+00      1.3118E+00      2.0838E+00      1.5738E-02      6.3532E+01      1.2578E+02      1.0000E+00
      1.6219E-02      1.1081E+00      1.0535E+00      1.2017E+00      1.2923E-02      8.3300E+01      1.0834E+02      1.0000E+00
      2.9397E-02      1.5910E+00      1.5813E+00      2.3275E+00      1.4860E-02      5.5440E+01      1.3374E+02      1.0000E+00
      1.3328E-02      1.2246E+00      1.0535E+00      1.4794E+00      1.0223E-02      7.3925E+01      1.0124E+02      1.0000E+00
      2.2750E-02      1.7975E+00      1.5198E+00      2.6296E+00      1.1381E-02      4.7319E+01      1.2528E+02      1.0000E+00
      2.9245E-02      1.5855E+00      1.5766E+00      2.3223E+00      1.4812E-02      5.5651E+01      1.3356E+02      1.0000E+00
      1.3306E-02      1.2277E+00      1.0529E+00      1.4798E+00      1.0204E-02      7.3828E+01      1.0136E+02      1.0000E+00
      2.2657E-02      1.8041E+00      1.5193E+00      2.6283E+00      1.1340E-02      4.7196E+01      1.2546E+02      1.0000E+00
      7.1472E-03      1.5107E+00      1.3126E+00      2.0879E+00      3.9753E-03      6.3502E+01      1.2581E+02      1.0000E+00
      7.1397E-03      1.5070E+00      1.3126E+00      2.0904E+00      3.9655E-03      6.3694E+01      1.2571E+02      1.0000E+00
      4.0669E-03      1.1101E+00      1.0544E+00      1.2041E+00      3.2408E-03      8.3077E+01      1.0848E+02      1.0000E+00
      7.3954E-03      1.5856E+00      1.5814E+00      2.3239E+00      3.7402E-03      5.5568E+01      1.3368E+02      1.0000E+00
      3.3341E-03      1.2238E+00      1.0553E+00      1.4824E+00      2.5547E-03      7.3799E+01      1.0136E+02      1.0000E+00
      5.6922E-03      1.7895E+00      1.5284E+00      2.6268E+00      2.8582E-03      4.7267E+01      1.2542E+02      1.0000E+00
      7.3872E-03      1.5776E+00      1.5716E+00      2.3229E+00      3.7501E-03      5.5957E+01      1.3322E+02      1.0000E+00
      3.3412E-03      1.2288E+00      1.0521E+00      1.4765E+00      2.5690E-03      7.3783E+01      1.0151E+02      1.0000E+00
      5.7323E-03      1.8163E+00      1.5307E+00      2.6432E+00      2.8662E-03      4.6906E+01      1.2602E+02      1.0000E+00
      1.7766E-03      1.5200E+00      1.3131E+00      2.0874E+00      9.8420E-04      6.3331E+01      1.2613E+02      1.0000E+00
      1.7768E-03      1.5116E+00      1.3242E+00      2.1081E+00      9.6643E-04      6.3879E+01      1.2639E+02      1.0000E+00
      9.4157E-04      1.0929E+00      1.0485E+00      1.1492E+00      8.1017E-04      7.9951E+01      1.0747E+02      1.0000E+00
      1.8595E-03      1.5859E+00      1.5774E+00      2.2990E+00      9.5365E-04      5.5138E+01      1.3371E+02      1.0000E+00
      8.8963E-04      1.0866E+00      1.0233E+00      1.1857E+00      7.4429E-04      8.3388E+01      1.0216E+02      1.0000E+00
      1.3907E-03      1.6056E+00      1.3953E+00      2.0367E+00      8.4747E-04      4.7635E+01      1.2413E+02      1.0000E+00
      1.8876E-03      1.5670E+00      1.5537E+00      2.3145E+00      9.7792E-04      5.6107E+01      1.3226E+02      1.0000E+00
      9.1702E-04      1.1010E+00      1.0179E+00      1.1987E+00      7.9090E-04      8.4492E+01      1.0033E+02      1.0000E+00
      1.4927E-03      1.6556E+00      1.4177E+00      2.0334E+00      9.3106E-04      4.7017E+01      1.2742E+02      1.0000E+00
      1.2520E-03      1.1564E+00      1.0327E+00      1.2902E+00      1.0002E-03      7.7127E+01      1.0049E+02      1.0000E+00
      1.0211E-03      1.1974E+00      1.0535E+00      1.2920E+00      8.6287E-04      7.8681E+01      1.0566E+02      1.0000E+00
      1.2087E-03      1.1813E+00      1.0524E+00      1.3350E+00      1.1111E-03      8.1960E+01      1.0105E+02      1.0000E+00
      4.2932E-01      1.6388E+00      1.5724E+00      2.3464E+00      2.1851E-01      5.4209E+01      1.3403E+02      1.0000E+00
      3.3930E-01      1.7521E+00      1.4679E+00      2.5812E+00      1.7156E-01      4.9241E+01      1.2317E+02      1.0000E+00
      1.9890E-01      1.2384E+00      1.0470E+00      1.4951E+00      1.5256E-01      7.5438E+01      1.0280E+02      1.0000E+00
      4.0599E-01      1.5290E+00      1.3812E+00      2.0880E+00      2.2217E-01      6.0438E+01      1.2921E+02      1.0000E+00
      2.4092E-01      1.1267E+00      1.0399E+00      1.2593E+00      1.8648E-01      7.9801E+01      1.0588E+02      1.0000E+00
      3.7196E-01      1.4509E+00      1.3140E+00      1.9460E+00      2.3081E-01      6.0633E+01      1.2491E+02      1.0000E+00
      1.1361E-01      1.5867E+00      1.5625E+00      2.3505E+00      5.8573E-02      5.5561E+01      1.3239E+02      1.0000E+00
      9.0399E-02      1.7765E+00      1.5108E+00      2.5937E+00      4.6035E-02      4.7810E+01      1.2525E+02      1.0000E+00
      5.5365E-02      1.2816E+00      1.0831E+00      1.5662E+00      3.9600E-02      6.8849E+01      1.0314E+02      1.0000E+00
      1.0366E-01      1.5070E+00      1.3663E+00      2.1433E+00      5.5057E-02      6.3154E+01      1.2778E+02      1.0000E+00
      5.5990E-02      1.2714E+00      1.0613E+00      1.5480E+00      3.9557E-02      7.2747E+01      1.0741E+02      1.0000E+00
      8.6979E-02      1.6929E+00      1.3856E+00      2.4400E+00      5.0527E-02      5.5133E+01      1.2480E+02      1.0000E+00
      2.9588E-02      1.5916E+00      1.5727E+00      2.3380E+00      1.5170E-02      5.5255E+01      1.3308E+02      1.0000E+00
      2.3023E-02      1.7847E+00      1.5175E+00      2.6142E+00      1.1541E-02      4.7366E+01      1.2493E+02      1.0000E+00
      1.4077E-02      1.2585E+00      1.0732E+00      1.5471E+00      1.0239E-02      7.0224E+01      1.0248E+02      1.0000E+00
      2.8322E-02      1.6246E+00      1.5102E+00      2.3256E+00      1.3840E-02      5.7686E+01      1.3331E+02      1.0000E+00
      1.3815E-02      1.2707E+00      1.0725E+00      1.5962E+00      9.8246E-03      7.1795E+01      1.0546E+02      1.0000E+00
      2.1044E-02      1.6718E+00      1.4044E+00      2.4613E+00      1.1209E-02      5.2334E+01      1.2123E+02      1.0000E+00
      7.2749E-03      1.6110E+00      1.6104E+00      2.3639E+00      3.5942E-03      5.4932E+01      1.3469E+02      1.0000E+00
      5.5342E-03      1.8214E+00      1.5422E+00      2.7069E+00      2.6849E-03      4.6861E+01      1.2519E+02      1.0000E+00
      3.0095E-03      1.1864E+00      1.0354E+00      1.4120E+00      2.4547E-03      7.8936E+01      1.0012E+02      1.0000E+00
      7.2819E-03      1.6078E+00      1.4667E+00      2.2946E+00      3.7411E-03      5.7810E+01      1.3129E+02      1.0000E+00
      3.8393E-03      1.0994E+00      1.0417E+00      1.1995E+00      3.3083E-03      7.9179E+01      1.0567E+02      1.0000E+00
      5.7158E-03      1.4429E+00      1.2760E+00      1.6909E+00      4.1252E-03      5.3454E+01      1.2305E+02      1.0000E+00
      1.8105E-03      1.5723E+00      1.4795E+00      2.3246E+00      1.0066E-03      5.5997E+01      1.2852E+02      1.0000E+00
      1.4693E-03      1.5746E+00      1.3810E+00      1.7687E+00      1.0139E-03      4.7161E+01      1.2739E+02      1.0000E+00
      9.1044E-04      1.0951E+00      1.0416E+00      1.2052E+00      8.2492E-04      7.5783E+01      1.0409E+02      1.0000E+00
      1.5040E-03      1.5225E+00      1.4340E+00      2.0949E+00      7.3881E-04      6.2768E+01      1.3260E+02      1.0000E+00
      7.6095E-04      1.1097E+00      1.0476E+00      1.2887E+00      6.0961E-04      8.2510E+01      1.0574E+02      1.0000E+00
      1.1338E-03      1.3796E+00      1.3015E+00      1.8966E+00      7.5134E-04      6.1095E+01      1.2166E+02      1.0000E+00
      6.2948E-04      1.3505E+00      1.3742E+00      2.0129E+00      3.1478E-04      7.1068E+01      1.2779E+02      1.0000E+00
      1.9014E-03      1.6440E+00      1.3439E+00      2.3068E+00      1.0110E-03      6.0493E+01      1.2688E+02      1.0000E+00
      6.7897E-03      1.6519E+00      1.5646E+00      2.3571E+00      3.3018E-03      5.5536E+01      1.3480E+02      1.0000E+00
      5.0239E-03      1.5460E+00      1.3045E+00      1.9514E+00      3.1384E-03      5.1180E+01      1.2068E+02      1.0000E+00
      3.1936E-03      1.1241E+00      1.0333E+00      1.1961E+00      2.7622E-03      8.0009E+01      1.0453E+02      1.0000E+00
      7.1757E-03      1.6327E+00      1.5859E+00      2.3602E+00      3.7030E-03      5.3637E+01      1.3373E+02      1.0000E+00
      3.3225E-03      1.0976E+00      1.0117E+00      1.1599E+00      2.9612E-03      8.4389E+01      9.7049E+01      1.0000E+00
      6.0921E-03      1.6203E+00      1.4843E+00      2.1607E+00      3.8105E-03      4.9591E+01      1.2922E+02      1.0000E+00
      2.9416E-02      1.5866E+00      1.6303E+00      2.2602E+00      1.3539E-02      5.7094E+01      1.3748E+02      1.0000E+00
      2.1212E-02      1.6675E+00      1.4266E+00      2.4757E+00      1.1084E-02      5.1290E+01      1.2084E+02      1.0000E+00
      1.3399E-02      1.2737E+00      1.0717E+00      1.5860E+00      1.0153E-02      7.3228E+01      1.0488E+02      1.0000E+00
      3.6272E-02      1.5455E+00      1.3932E+00      2.2709E+00      2.2172E-02      5.6550E+01      1.2342E+02      1.0000E+00
      2.0174E-02      1.1306E+00      1.0538E+00      1.2914E+00      1.7853E-02      7.4414E+01      1.0144E+02      1.0000E+00
      4.0256E-02      1.5639E+00      1.4851E+00      1.8428E+00      2.4219E-02      5.2445E+01      1.3514E+02      1.0000E+00
      6.7889E-03      1.6808E+00      1.7481E+00      2.3900E+00      3.2300E-03      5.1090E+01      1.3896E+02      1.0000E+00
      5.6799E-03      1.6760E+00      1.5063E+00      2.5437E+00      3.0217E-03      5.0591E+01      1.2432E+02      1.0000E+00
      2.7902E-03      1.0705E+00      1.0212E+00      1.2195E+00      2.4624E-03      8.3774E+01      9.6717E+01      1.0000E+00
      6.3175E-03      1.5812E+00      1.2846E+00      2.1309E+00      3.4513E-03      6.3658E+01      1.2559E+02      1.0000E+00
      3.4770E-03      1.1596E+00      1.0987E+00      1.1956E+00      3.0619E-03      6.5604E+01      1.0904E+02      1.0000E+00
      6.1681E-03      1.4836E+00      1.2426E+00      1.7387E+00      3.9618E-03      6.1969E+01      1.2537E+02      1.0000E+00
      2.4006E-03      1.4427E+00      1.2356E+00      1.7695E+00      1.5459E-03      6.3113E+01      1.2385E+02      1.0000E+00
      2.4728E-03      1.1399E+00      1.0270E+00      1.2553E+00      2.2531E-03      8.0099E+01      9.6620E+01      1.0000E+00
      2.1975E-03      1.4684E+00      1.1881E+00      1.7298E+00      1.4845E-03      6.5859E+01      1.1921E+02      1.0000E+00
      1.0181E-02      1.5248E+00      1.3126E+00      2.4817E+00      5.6157E-03      6.3867E+01      1.1484E+02      1.0000E+00
      2.6221E-01      1.1422E+00      1.0470E+00      1.2491E+00      2.0757E-01      8.3100E+01      1.0724E+02      1.0000E+00
      3.5031E-01      1.0381E+00      1.0114E+00      1.0543E+00      3.3684E-01      8.1449E+01      9.6957E+01      1.0000E+00
      2.4068E-01      1.1939E+00      1.0417E+00      1.3259E+00      1.9726E-01      7.9880E+01      1.0427E+02      1.0000E+00
      8.8576E-02      1.6724E+00      1.5478E+00      2.5761E+00      4.6984E-02      5.3700E+01      1.2921E+02      1.0000E+00
      9.8611E-02      1.5616E+00      1.4686E+00      2.2497E+00      5.2915E-02      5.7477E+01      1.3023E+02      1.0000E+00
      9.5183E-01      1.1835E+00      1.1214E+00      1.3391E+00      6.6786E-01      7.8430E+01      1.1682E+02      1.0000E+00
      1.3545E+00      1.0388E+00      1.0096E+00      1.0606E+00      1.3011E+00      8.2181E+01      9.6065E+01      1.0000E+00
      9.5022E-01      1.1841E+00      1.0385E+00      1.3196E+00      7.9136E-01      7.9228E+01      1.0381E+02      1.0000E+00
      3.7630E-01      1.5103E+00      1.3712E+00      2.0554E+00      2.2958E-01      5.7421E+01      1.2669E+02      1.0000E+00
      2.1322E-01      1.0813E+00      1.0293E+00      1.1591E+00      1.8193E-01      8.4069E+01      1.0366E+02      1.0000E+00
      4.0643E-01      1.5511E+00      1.4177E+00      2.1490E+00      2.2438E-01      5.8226E+01      1.2965E+02      1.0000E+00
      1.4283E+00      1.5005E+00      1.3488E+00      2.0330E+00      8.7087E-01      5.8533E+01      1.2611E+02      1.0000E+00
      8.2068E-01      1.0792E+00      1.0315E+00      1.1565E+00      6.9705E-01      8.4146E+01      1.0417E+02      1.0000E+00
      1.5251E+00      1.5527E+00      1.4083E+00      2.1293E+00      8.4199E-01      5.8468E+01      1.2972E+02      1.0000E+00
      1.2645E+00      1.6587E+00      1.4236E+00      2.5062E+00      6.5585E-01      5.2197E+01      1.2014E+02      1.0000E+00
      1.6269E+00      1.6871E+00      1.6203E+00      2.3355E+00      7.9531E-01      5.2939E+01      1.3685E+02      1.0000E+00
      7.6555E-01      1.2140E+00      1.0583E+00      1.5087E+00      5.8127E-01      7.5597E+01      1.0301E+02      1.0000E+00
      3.4126E-01      1.7361E+00      1.4756E+00      2.5774E+00      1.7343E-01      4.9404E+01      1.2313E+02      1.0000E+00
      4.3019E-01      1.6416E+00      1.6155E+00      2.3293E+00      2.1555E-01      5.3428E+01      1.3563E+02      1.0000E+00
      2.0158E-01      1.2163E+00      1.0567E+00      1.4837E+00      1.5412E-01      7.4146E+01      1.0124E+02      1.0000E+00
      8.8964E-02      1.7799E+00      1.5015E+00      2.6072E+00      4.4804E-02      4.7976E+01      1.2464E+02      1.0000E+00
      1.1376E-01      1.6046E+00      1.5897E+00      2.3226E+00      5.7421E-02      5.4849E+01      1.3432E+02      1.0000E+00
      5.2427E-02      1.2235E+00      1.0540E+00      1.4802E+00      4.0173E-02      7.3929E+01      1.0116E+02      1.0000E+00
      2.2657E-02      1.8041E+00      1.5193E+00      2.6283E+00      1.1340E-02      4.7196E+01      1.2546E+02      1.0000E+00
      2.9245E-02      1.5855E+00      1.5767E+00      2.3223E+00      1.4812E-02      5.5651E+01      1.3356E+02      1.0000E+00
      1.3306E-02      1.2277E+00      1.0529E+00      1.4798E+00      1.0204E-02      7.3827E+01      1.0136E+02      1.0000E+00
      5.7323E-03      1.8163E+00      1.5307E+00      2.6432E+00      2.8662E-03      4.6906E+01      1.2602E+02      1.0000E+00
      7.3872E-03      1.5776E+00      1.5716E+00      2.3229E+00      3.7501E-03      5.5957E+01      1.3322E+02      1.0000E+00
      3.3412E-03      1.2288E+00      1.0521E+00      1.4765E+00      2.5690E-03      7.3782E+01      1.0152E+02      1.0000E+00
      1.4927E-03      1.6556E+00      1.4177E+00      2.0334E+00      9.3106E-04      4.7017E+01      1.2742E+02      1.0000E+00
      1.8876E-03      1.5670E+00      1.5537E+00      2.3145E+00      9.7792E-04      5.6106E+01      1.3226E+02      1.0000E+00
      9.1702E-04      1.1010E+00      1.0179E+00      1.1987E+00      7.9090E-04      8.4492E+01      1.0033E+02      1.0000E+00
      1.2087E-03      1.1813E+00      1.0524E+00      1.3350E+00      1.1111E-03      8.1960E+01      1.0106E+02      1.0000E+00
      1.2520E-03      1.1564E+00      1.0327E+00      1.2902E+00      1.0002E-03      7.7128E+01      1.0049E+02      1.0000E+00
      1.0211E-03      1.1974E+00      1.0535E+00      1.2919E+00      8.6287E-04      7.8680E+01      1.0566E+02      1.0000E+00
      1.7768E-03      1.5116E+00      1.3241E+00      2.1081E+00      9.6643E-04      6.3879E+01      1.2639E+02      1.0000E+00
      9.4158E-04      1.0929E+00      1.0485E+00      1.1492E+00      8.1018E-04      7.9951E+01      1.0747E+02      1.0000E+00
      1.7766E-03      1.5201E+00      1.3131E+00      2.0874E+00      9.8421E-04      6.3330E+01      1.2613E+02      1.0000E+00
      8.8964E-04      1.0866E+00      1.0233E+00      1.1857E+00      7.4430E-04      8.3387E+01      1.0215E+02      1.0000E+00
      1.3908E-03      1.6055E+00      1.3953E+00      2.0367E+00      8.4748E-04      4.7634E+01      1.2413E+02      1.0000E+00
      1.8596E-03      1.5860E+00      1.5776E+00      2.2991E+00      9.5367E-04      5.5133E+01      1.3372E+02      1.0000E+00
      7.1397E-03      1.5070E+00      1.3126E+00      2.0904E+00      3.9655E-03      6.3694E+01      1.2571E+02      1.0000E+00
      4.0669E-03      1.1101E+00      1.0544E+00      1.2041E+00      3.2409E-03      8.3076E+01      1.0848E+02      1.0000E+00
      7.1473E-03      1.5107E+00      1.3126E+00      2.0879E+00      3.9754E-03      6.3501E+01      1.2581E+02      1.0000E+00
      3.3342E-03      1.2238E+00      1.0553E+00      1.4824E+00      2.5548E-03      7.3798E+01      1.0136E+02      1.0000E+00
      5.6929E-03      1.7894E+00      1.5285E+00      2.6268E+00      2.8583E-03      4.7267E+01      1.2542E+02      1.0000E+00
      7.3963E-03      1.5858E+00      1.5818E+00      2.3241E+00      3.7403E-03      5.5559E+01      1.3369E+02      1.0000E+00
      2.8255E-02      1.5089E+00      1.3118E+00      2.0838E+00      1.5738E-02      6.3533E+01      1.2578E+02      1.0000E+00
      1.6220E-02      1.1081E+00      1.0535E+00      1.2017E+00      1.2923E-02      8.3300E+01      1.0834E+02      1.0000E+00
      2.8301E-02      1.5095E+00      1.3123E+00      2.0816E+00      1.5754E-02      6.3504E+01      1.2587E+02      1.0000E+00
      1.3328E-02      1.2246E+00      1.0535E+00      1.4795E+00      1.0223E-02      7.3924E+01      1.0124E+02      1.0000E+00
      2.2754E-02      1.7973E+00      1.5198E+00      2.6296E+00      1.1382E-02      4.7323E+01      1.2527E+02      1.0000E+00
      2.9400E-02      1.5912E+00      1.5815E+00      2.3277E+00      1.4861E-02      5.5433E+01      1.3375E+02      1.0000E+00
      1.0923E-01      1.5148E+00      1.3091E+00      2.0704E+00      6.1071E-02      6.3272E+01      1.2598E+02      1.0000E+00
      6.3731E-02      1.1065E+00      1.0521E+00      1.1981E+00      5.0908E-02      8.3409E+01      1.0810E+02      1.0000E+00
      1.0935E-01      1.5130E+00      1.3081E+00      2.0696E+00      6.1117E-02      6.3397E+01      1.2592E+02      1.0000E+00
      5.2536E-02      1.2228E+00      1.0535E+00      1.4785E+00      4.0267E-02      7.3990E+01      1.0108E+02      1.0000E+00
      8.9580E-02      1.7855E+00      1.5070E+00      2.6184E+00      4.5094E-02      4.7926E+01      1.2492E+02      1.0000E+00
      1.1408E-01      1.5990E+00      1.5818E+00      2.3176E+00      5.7895E-02      5.5038E+01      1.3399E+02      1.0000E+00
      4.1047E-01      1.5234E+00      1.3122E+00      2.0553E+00      2.3176E-01      6.2413E+01      1.2638E+02      1.0000E+00
      2.4390E-01      1.1029E+00      1.0476E+00      1.1927E+00      1.9656E-01      8.3753E+01      1.0735E+02      1.0000E+00
      4.1075E-01      1.5216E+00      1.3106E+00      2.0557E+00      2.3192E-01      6.2550E+01      1.2627E+02      1.0000E+00
      2.0174E-01      1.2175E+00      1.0563E+00      1.4831E+00      1.5427E-01      7.4088E+01      1.0120E+02      1.0000E+00
      3.4198E-01      1.7448E+00      1.4828E+00      2.5852E+00      1.7362E-01      4.9107E+01      1.2353E+02      1.0000E+00
      4.3078E-01      1.6335E+00      1.6075E+00      2.3238E+00      2.1722E-01      5.3636E+01      1.3526E+02      1.0000E+00
      6.2949E-04      1.3505E+00      1.3743E+00      2.0129E+00      3.1478E-04      7.1070E+01      1.2779E+02      1.0000E+00
      1.4694E-03      1.5745E+00      1.3809E+00      1.7687E+00      1.0140E-03      4.7165E+01      1.2739E+02      1.0000E+00
      9.1056E-04      1.0951E+00      1.0416E+00      1.2051E+00      8.2507E-04      7.5780E+01      1.0410E+02      1.0000E+00
      1.8107E-03      1.5725E+00      1.4793E+00      2.3246E+00      1.0068E-03      5.5996E+01      1.2852E+02      1.0000E+00
      7.6114E-04      1.1096E+00      1.0476E+00      1.2887E+00      6.0975E-04      8.2519E+01      1.0574E+02      1.0000E+00
      1.1345E-03      1.3790E+00      1.3015E+00      1.8965E+00      7.5194E-04      6.1113E+01      1.2163E+02      1.0000E+00
      1.5047E-03      1.5230E+00      1.4349E+00      2.0954E+00      7.3900E-04      6.2727E+01      1.3263E+02      1.0000E+00
      1.9037E-03      1.6455E+00      1.3455E+00      2.3079E+00      1.0118E-03      6.0401E+01      1.2696E+02      1.0000E+00
      5.5351E-03      1.8211E+00      1.5419E+00      2.7068E+00      2.6853E-03      4.6871E+01      1.2517E+02      1.0000E+00
      3.0116E-03      1.1860E+00      1.0354E+00      1.4120E+00      2.4568E-03      7.8970E+01      1.0013E+02      1.0000E+00
      7.2791E-03      1.6115E+00      1.6098E+00      2.3631E+00      3.5972E-03      5.4923E+01      1.3470E+02      1.0000E+00
      3.8441E-03      1.1001E+00      1.0415E+00      1.1997E+00      3.3122E-03      7.9193E+01      1.0565E+02      1.0000E+00
      5.7335E-03      1.4400E+00      1.2756E+00      1.6909E+00      4.1388E-03      5.3550E+01      1.2296E+02      1.0000E+00
      7.2962E-03      1.6097E+00      1.4694E+00      2.2963E+00      3.7464E-03      5.7686E+01      1.3139E+02      1.0000E+00
      5.0527E-03      1.5407E+00      1.3064E+00      1.9519E+00      3.1613E-03      5.1307E+01      1.2066E+02      1.0000E+00
      3.2332E-03      1.1166E+00      1.0326E+00      1.1963E+00      2.7879E-03      8.0555E+01      1.0432E+02      1.0000E+00
      6.8280E-03      1.6520E+00      1.5672E+00      2.3428E+00      3.3282E-03      5.5345E+01      1.3502E+02      1.0000E+00
      3.3852E-03      1.0874E+00      1.0109E+00      1.1576E+00      2.9930E-03      8.4998E+01      9.8368E+01      1.0000E+00
      6.2022E-03      1.6008E+00      1.4564E+00      2.1606E+00      3.8827E-03      5.0880E+01      1.2804E+02      1.0000E+00
      7.2220E-03      1.6366E+00      1.5710E+00      2.3455E+00      3.7443E-03      5.3741E+01      1.3360E+02      1.0000E+00
      2.3033E-02      1.7842E+00      1.5176E+00      2.6142E+00      1.1548E-02      4.7379E+01      1.2493E+02      1.0000E+00
      1.4098E-02      1.2576E+00      1.0737E+00      1.5472E+00      1.0250E-02      7.0199E+01      1.0245E+02      1.0000E+00
      2.9605E-02      1.5917E+00      1.5725E+00      2.3363E+00      1.5184E-02      5.5241E+01      1.3310E+02      1.0000E+00
      1.3850E-02      1.2690E+00      1.0723E+00      1.5953E+00      9.8369E-03      7.1913E+01      1.0566E+02      1.0000E+00
      2.1132E-02      1.6675E+00      1.4009E+00      2.4606E+00      1.1269E-02      5.2607E+01      1.2104E+02      1.0000E+00
      2.8348E-02      1.6253E+00      1.5091E+00      2.3237E+00      1.3859E-02      5.7682E+01      1.3331E+02      1.0000E+00
      2.3387E-03      1.4253E+00      1.2714E+00      1.8140E+00      1.4846E-03      6.2248E+01      1.2470E+02      1.0000E+00
      2.4037E-03      1.1349E+00      1.0292E+00      1.2317E+00      2.1715E-03      7.8435E+01      9.8241E+01      1.0000E+00
      2.1589E-03      1.4637E+00      1.1801E+00      1.7515E+00      1.4506E-03      6.6483E+01      1.1852E+02      1.0000E+00
      5.5766E-03      1.7028E+00      1.5302E+00      2.5489E+00      2.9565E-03      4.9199E+01      1.2553E+02      1.0000E+00
      2.7481E-03      1.0642E+00      1.0192E+00      1.2036E+00      2.4398E-03      8.3112E+01      9.5512E+01      1.0000E+00
      6.7459E-03      1.6753E+00      1.7593E+00      2.4022E+00      3.1985E-03      5.1127E+01      1.3896E+02      1.0000E+00
      3.4374E-03      1.1548E+00      1.1014E+00      1.1818E+00      3.0340E-03      6.5252E+01      1.0929E+02      1.0000E+00
      6.1394E-03      1.4876E+00      1.2414E+00      1.7375E+00      3.9570E-03      6.1815E+01      1.2533E+02      1.0000E+00
      6.2863E-03      1.5815E+00      1.2831E+00      2.1417E+00      3.4270E-03      6.3842E+01      1.2538E+02      1.0000E+00
      1.0162E-02      1.5238E+00      1.3145E+00      2.4845E+00      5.6010E-03      6.3869E+01      1.1481E+02      1.0000E+00
      2.1124E-02      1.6730E+00      1.4294E+00      2.4769E+00      1.1018E-02      5.1012E+01      1.2101E+02      1.0000E+00
      1.3370E-02      1.2752E+00      1.0722E+00      1.5863E+00      1.0142E-02      7.3120E+01      1.0510E+02      1.0000E+00
      2.9391E-02      1.5859E+00      1.6312E+00      2.2617E+00      1.3523E-02      5.7109E+01      1.3747E+02      1.0000E+00
      2.0148E-02      1.1315E+00      1.0541E+00      1.2925E+00      1.7837E-02      7.4392E+01      1.0146E+02      1.0000E+00
      4.0244E-02      1.5642E+00      1.4851E+00      1.8428E+00      2.4217E-02      5.2433E+01      1.3514E+02      1.0000E+00
      3.6257E-02      1.5454E+00      1.3935E+00      2.2722E+00      2.2153E-02      5.6560E+01      1.2341E+02      1.0000E+00
      9.0415E-02      1.7763E+00      1.5111E+00      2.5937E+00      4.6052E-02      4.7812E+01      1.2526E+02      1.0000E+00
      5.5391E-02      1.2815E+00      1.0832E+00      1.5664E+00      3.9604E-02      6.8813E+01      1.0314E+02      1.0000E+00
      1.1362E-01      1.5867E+00      1.5626E+00      2.3504E+00      5.8578E-02      5.5558E+01      1.3240E+02      1.0000E+00
      5.5967E-02      1.2718E+00      1.0615E+00      1.5480E+00      3.9554E-02      7.2778E+01      1.0743E+02      1.0000E+00
      8.6967E-02      1.6931E+00      1.3853E+00      2.4398E+00      5.0514E-02      5.5131E+01      1.2479E+02      1.0000E+00
      1.0365E-01      1.5071E+00      1.3662E+00      2.1434E+00      5.5053E-02      6.3158E+01      1.2778E+02      1.0000E+00
      2.4068E-01      1.1939E+00      1.0417E+00      1.3259E+00      1.9726E-01      7.9882E+01      1.0426E+02      1.0000E+00
      2.6220E-01      1.1423E+00      1.0471E+00      1.2492E+00      2.0755E-01      8.3099E+01      1.0724E+02      1.0000E+00
      3.5031E-01      1.0381E+00      1.0114E+00      1.0543E+00      3.3684E-01      8.1449E+01      9.6957E+01      1.0000E+00
      9.8610E-02      1.5616E+00      1.4687E+00      2.2497E+00      5.2913E-02      5.7476E+01      1.3023E+02      1.0000E+00
      8.8569E-02      1.6723E+00      1.5479E+00      2.5762E+00      4.6979E-02      5.3700E+01      1.2921E+02      1.0000E+00
      3.3930E-01      1.7521E+00      1.4680E+00      2.5812E+00      1.7157E-01      4.9240E+01      1.2317E+02      1.0000E+00
      1.9890E-01      1.2384E+00      1.0470E+00      1.4951E+00      1.5256E-01      7.5436E+01      1.0280E+02      1.0000E+00
      4.2932E-01      1.6388E+00      1.5724E+00      2.3464E+00      2.1851E-01      5.4209E+01      1.3403E+02      1.0000E+00
      2.4092E-01      1.1267E+00      1.0399E+00      1.2593E+00      1.8648E-01      7.9802E+01      1.0588E+02      1.0000E+00
      3.7196E-01      1.4509E+00      1.3140E+00      1.9460E+00      2.3081E-01      6.0633E+01      1.2491E+02      1.0000E+00
      4.0599E-01      1.5290E+00      1.3812E+00      2.0880E+00      2.2216E-01      6.0438E+01      1.2921E+02      1.0000E+00
      9.5022E-01      1.1841E+00      1.0385E+00      1.3196E+00      7.9136E-01      7.9228E+01      1.0381E+02      1.0000E+00
      9.5183E-01      1.1835E+00      1.1214E+00      1.3391E+00      6.6786E-01      7.8430E+01      1.1682E+02      1.0000E+00
      1.3545E+00      1.0388E+00      1.0096E+00      1.0606E+00      1.3011E+00      8.2181E+01      9.6065E+01      1.0000E+00
      2.1322E-01      1.0813E+00      1.0293E+00      1.1591E+00      1.8193E-01      8.4069E+01      1.0366E+02      1.0000E+00
      4.0643E-01      1.5511E+00      1.4177E+00      2.1490E+00      2.2438E-01      5.8226E+01      1.2965E+02      1.0000E+00
      3.7630E-01      1.5103E+00      1.3712E+00      2.0554E+00      2.2958E-01      5.7421E+01      1.2669E+02      1.0000E+00
      8.2068E-01      1.0792E+00      1.0315E+00      1.1565E+00      6.9705E-01      8.4146E+01      1.0417E+02      1.0000E+00
      1.5251E+00      1.5527E+00      1.4083E+00      2.1293E+00      8.4199E-01      5.8468E+01      1.2972E+02      1.0000E+00
      1.4283E+00      1.5005E+00      1.3488E+00      2.0330E+00      8.7087E-01      5.8533E+01      1.2611E+02      1.0000E+00
      1.6442E+00      1.5470E+00      1.3797E+00      2.1093E+00      9.4742E-01      5.8165E+01      1.2810E+02      1.0000E+00
      9.3682E-01      1.0918E+00      1.0301E+00      1.1783E+00      7.7420E-01      8.3931E+01      1.0388E+02      1.0000E+00
      1.6445E+00      1.5461E+00      1.3787E+00      2.1097E+00      9.4784E-01      5.8224E+01      1.2803E+02      1.0000E+00
      7.6555E-01      1.2152E+00      1.0582E+00      1.5090E+00      5.8135E-01      7.5510E+01      1.0294E+02      1.0000E+00
      1.2635E+00      1.6627E+00      1.4281E+00      2.5074E+00      6.5517E-01      5.1930E+01      1.2040E+02      1.0000E+00
      1.6277E+00      1.6822E+00      1.6163E+00      2.3328E+00      7.9871E-01      5.3035E+01      1.3666E+02      1.0000E+00
      1.2616E+00      1.6625E+00      1.4144E+00      2.5135E+00      6.5047E-01      5.2470E+01      1.1970E+02      1.0000E+00
      7.6212E-01      1.2116E+00      1.0556E+00      1.5051E+00      5.7798E-01      7.6955E+01      1.0446E+02      1.0000E+00
      1.6146E+00      1.6907E+00      1.5857E+00      2.3280E+00      8.0769E-01      5.3044E+01      1.3584E+02      1.0000E+00
      9.2840E-01      1.1447E+00      1.0356E+00      1.2928E+00      7.2742E-01      7.9836E+01      1.0484E+02      1.0000E+00
      1.4721E+00      1.4673E+00      1.3303E+00      2.0105E+00      9.1581E-01      5.9559E+01      1.2450E+02      1.0000E+00
      1.5850E+00      1.5643E+00      1.4196E+00      2.1001E+00      8.8254E-01      5.7349E+01      1.3066E+02      1.0000E+00
      5.7549E-04      1.4557E+00      2.0076E+00      3.4296E+00      2.6370E-04      6.2120E+01      1.1206E+02      1.0000E+00
      5.4512E-04      1.4817E+00      1.5307E+00      2.6763E+00      2.5163E-04      6.0112E+01      1.1931E+02      1.0000E+00
      3.2832E-04      1.3128E+00      1.0855E+00      1.4429E+00      2.6210E-04      7.6712E+01      1.0326E+02      1.0000E+00
      4.7270E-04      1.5440E+00      1.3857E+00      1.9023E+00      3.1610E-04      5.2654E+01      1.2895E+02      1.0000E+00
      8.4638E-04      1.1329E+00      1.0375E+00      1.3377E+00      6.8219E-04      7.8014E+01      9.9940E+01      1.0000E+00
      8.4336E-04      1.0443E+00      1.0111E+00      1.0681E+00      8.2786E-04      8.1990E+01      9.7348E+01      1.0000E+00
      1.0072E-03      1.0917E+00      1.0220E+00      1.2008E+00      9.6947E-04      8.4177E+01      9.7004E+01      1.0000E+00
      9.8347E-04      1.2576E+00      1.0940E+00      1.3204E+00      7.9195E-04      7.1648E+01      1.1317E+02      1.0000E+00
      1.7093E-03      1.6429E+00      1.2643E+00      2.1859E+00      1.0533E-03      5.8721E+01      1.1995E+02      1.0000E+00
      3.7095E-03      1.1500E+00      1.1302E+00      1.5053E+00      2.7549E-03      7.6870E+01      1.1072E+02      1.0000E+00
      3.7811E-03      1.1291E+00      1.0401E+00      1.3213E+00      3.4585E-03      8.4761E+01      9.3706E+01      1.0000E+00
      3.7054E-03      1.0919E+00      1.0125E+00      1.1647E+00      3.6033E-03      8.7674E+01      9.2796E+01      1.0000E+00
      3.7237E-03      1.1299E+00      1.0275E+00      1.2469E+00      3.4817E-03      8.0685E+01      9.6570E+01      1.0000E+00
      4.0184E-03      1.2050E+00      1.1938E+00      1.5900E+00      3.2055E-03      6.7672E+01      1.1167E+02      1.0000E+00
      2.3625E-03      1.6115E+00      1.2330E+00      2.0781E+00      1.5263E-03      6.2609E+01      1.1699E+02      1.0000E+00
      1.5948E-03      1.3068E+00      1.1480E+00      1.4163E+00      1.2048E-03      6.9186E+01      1.1916E+02      1.0000E+00
      2.0095E-03      1.1950E+00      1.0512E+00      1.3604E+00      1.9471E-03      8.5328E+01      9.4965E+01      1.0000E+00
      1.5458E-03      1.3009E+00      1.1878E+00      1.3584E+00      1.1772E-03      6.5931E+01      1.2252E+02      1.0000E+00
      2.2520E-03      1.7044E+00      1.2866E+00      2.0943E+00      1.4150E-03      6.3394E+01      1.1827E+02      1.0000E+00
      5.0814E-03      1.1830E+00      1.1625E+00      1.4343E+00      3.9072E-03      7.3037E+01      1.1657E+02      1.0000E+00
      5.0168E-03      1.2012E+00      1.1431E+00      1.3910E+00      4.4567E-03      7.0433E+01      1.1299E+02      1.0000E+00
      9.2084E-03      2.0848E+00      1.6297E+00      2.4753E+00      5.4802E-03      4.4463E+01      1.3217E+02      1.0000E+00
      2.7753E-02      1.4153E+00      1.4116E+00      2.3674E+00      1.6166E-02      6.4300E+01      1.0753E+02      1.0000E+00
      4.7523E-02      1.2471E+00      1.0585E+00      1.4882E+00      3.6609E-02      7.3365E+01      1.0264E+02      1.0000E+00
      4.7521E-02      1.2471E+00      1.0585E+00      1.4884E+00      3.6605E-02      7.3358E+01      1.0265E+02      1.0000E+00
      2.7741E-02      1.4157E+00      1.4121E+00      2.3683E+00      1.6160E-02      6.4287E+01      1.0751E+02      1.0000E+00
      9.1998E-03      2.0861E+00      1.6309E+00      2.4771E+00      5.4761E-03      4.4422E+01      1.3222E+02      1.0000E+00
      5.0063E-03      1.2023E+00      1.1439E+00      1.3945E+00      4.4445E-03      7.0467E+01      1.1297E+02      1.0000E+00
      5.0531E-03      1.1858E+00      1.1609E+00      1.4403E+00      3.8913E-03      7.3329E+01      1.1634E+02      1.0000E+00
      2.2224E-03      1.7151E+00      1.2973E+00      2.0955E+00      1.3922E-03      6.2703E+01      1.1909E+02      1.0000E+00
      1.5093E-03      1.2838E+00      1.1850E+00      1.3294E+00      1.1486E-03      6.6279E+01      1.2239E+02      1.0000E+00
      1.9260E-03      1.1595E+00      1.0371E+00      1.2949E+00      1.8773E-03      8.5273E+01      9.5038E+01      1.0000E+00
      1.4686E-03      1.2004E+00      1.0879E+00      1.3113E+00      1.1641E-03      7.5851E+01      1.1297E+02      1.0000E+00
      2.3155E-03      1.5877E+00      1.2595E+00      2.1018E+00      1.4417E-03      5.9755E+01      1.2233E+02      1.0000E+00
      4.2664E-03      1.1290E+00      1.1029E+00      1.3789E+00      3.6032E-03      7.1818E+01      1.0746E+02      1.0000E+00
      3.8526E-03      1.1075E+00      1.0192E+00      1.1920E+00      3.6363E-03      8.1728E+01      9.6374E+01      1.0000E+00
      3.7654E-03      1.0824E+00      1.0099E+00      1.1439E+00      3.6667E-03      8.7604E+01      9.2730E+01      1.0000E+00
      3.8093E-03      1.1242E+00      1.0378E+00      1.3105E+00      3.4849E-03      8.4830E+01      9.3790E+01      1.0000E+00
      3.7214E-03      1.1478E+00      1.1287E+00      1.4995E+00      2.7646E-03      7.6851E+01      1.1071E+02      1.0000E+00
      1.7119E-03      1.6409E+00      1.2628E+00      2.1859E+00      1.0551E-03      5.8786E+01      1.1990E+02      1.0000E+00
      9.8414E-04      1.2580E+00      1.0942E+00      1.3202E+00      7.9256E-04      7.1672E+01      1.1315E+02      1.0000E+00
      1.0076E-03      1.0919E+00      1.0222E+00      1.2012E+00      9.7000E-04      8.4148E+01      9.7014E+01      1.0000E+00
      8.4350E-04      1.0445E+00      1.0112E+00      1.0684E+00      8.2795E-04      8.1977E+01      9.7364E+01      1.0000E+00
      8.4643E-04      1.1330E+00      1.0374E+00      1.3378E+00      6.8220E-04      7.8017E+01      9.9947E+01      1.0000E+00
      4.7271E-04      1.5440E+00      1.3857E+00      1.9022E+00      3.1611E-04      5.2654E+01      1.2895E+02      1.0000E+00
      3.2832E-04      1.3128E+00      1.0855E+00      1.4428E+00      2.6210E-04      7.6711E+01      1.0326E+02      1.0000E+00
      5.4512E-04      1.4817E+00      1.5306E+00      2.6763E+00      2.5163E-04      6.0112E+01      1.1931E+02      1.0000E+00
      5.7549E-04      1.4557E+00      2.0076E+00      3.4296E+00      2.6370E-04      6.2120E+01      1.1206E+02      1.0000E+00
