  
 ------------------------
 2D Mesh Quality Measures
 ------------------------
  
Signed Area     Aspect Ratio    Condition       Edge Ratio      Jacobian        Minimum Angle   Maximum Angle   Area Sign       
      1.5415E-02      1.3641E+00      1.2654E+00      1.7470E+00      8.2329E-03      7.1987E+01      1.2691E+02      1.0000E+00
      2.8926E-02      1.1267E+00      1.0382E+00      1.3169E+00      2.4042E-02      8.2964E+01      1.0193E+02      1.0000E+00
      3.7071E-02      1.0503E+00      1.0075E+00      1.1304E+00      3.5231E-02      8.7486E+01      9.3958E+01      1.0000E+00
      3.8699E-02      1.0384E+00      1.0043E+00      1.0899E+00      3.8096E-02      8.7785E+01      9.2046E+01      1.0000E+00
      3.6061E-02      1.0877E+00      1.0175E+00      1.1999E+00      3.3558E-02      8.6124E+01      9.7009E+01      1.0000E+00
      3.1077E-02      1.4805E+00      1.3045E+00      1.6993E+00      1.9646E-02      5.9591E+01      1.2902E+02      1.0000E+00
      3.7796E-02      1.3799E+00      1.1359E+00      1.6609E+00      2.4500E-02      6.5715E+01      1.0860E+02      1.0000E+00
      4.3566E-02      1.1645E+00      1.0331E+00      1.2675E+00      3.6652E-02      7.7158E+01      9.8127E+01      1.0000E+00
      3.9740E-02      1.0448E+00      1.0028E+00      1.0771E+00      3.9039E-02      8.8942E+01      9.1050E+01      1.0000E+00
      3.9347E-02      1.0324E+00      1.0023E+00      1.0698E+00      3.8926E-02      8.9125E+01      9.0499E+01      1.0000E+00
      3.9559E-02      1.0372E+00      1.0028E+00      1.0773E+00      3.9402E-02      8.9145E+01      9.0923E+01      1.0000E+00
      4.9359E-02      1.1301E+00      1.0453E+00      1.2917E+00      4.1054E-02      7.3368E+01      9.8838E+01      1.0000E+00
      4.0304E-02      1.2531E+00      1.2981E+00      1.3695E+00      2.6470E-02      6.6086E+01      1.2930E+02      1.0000E+00
      4.4680E-02      1.0626E+00      1.0110E+00      1.1492E+00      4.0565E-02      8.2183E+01      9.5031E+01      1.0000E+00
      3.9459E-02      1.0307E+00      1.0012E+00      1.0495E+00      3.8820E-02      8.9045E+01      9.0944E+01      1.0000E+00
      3.9326E-02      1.0403E+00      1.0038E+00      1.0543E+00      3.8273E-02      8.5880E+01      9.4156E+01      1.0000E+00
      3.9629E-02      1.0742E+00      1.0131E+00      1.1367E+00      3.6821E-02      8.1407E+01      9.7746E+01      1.0000E+00
      2.8379E-02      1.3486E+00      1.2794E+00      1.6696E+00      1.7312E-02      6.6111E+01      1.2678E+02      1.0000E+00
      4.0703E-02      1.0930E+00      1.0226E+00      1.2116E+00      3.6060E-02      7.9040E+01      9.8612E+01      1.0000E+00
      3.8083E-02      1.1337E+00      1.0405E+00      1.2592E+00      3.3222E-02      7.6789E+01      1.0452E+02      1.0000E+00
      2.9977E-02      1.0867E+00      1.0189E+00      1.2144E+00      2.6907E-02      8.1750E+01      9.7552E+01      1.0000E+00
      2.1038E-02      1.4055E+00      1.2381E+00      1.7575E+00      1.3993E-02      6.2645E+01      1.2281E+02      1.0000E+00
      1.7077E-02      1.1956E+00      1.0768E+00      1.4105E+00      1.2349E-02      7.9068E+01      1.1107E+02      1.0000E+00
      1.1441E-02      1.3769E+00      1.1729E+00      1.6536E+00      6.9680E-03      7.2935E+01      1.2120E+02      1.0000E+00
      1.2258E-02      1.1558E+00      1.1074E+00      1.4570E+00      8.8162E-03      7.9357E+01      1.1189E+02      1.0000E+00
      2.4632E-02      1.0885E+00      1.0538E+00      1.3474E+00      2.0720E-02      8.2093E+01      9.9433E+01      1.0000E+00
      4.2185E-02      1.1492E+00      1.0625E+00      1.3802E+00      3.3227E-02      7.3166E+01      9.7907E+01      1.0000E+00
      4.3318E-02      1.1053E+00      1.0329E+00      1.2277E+00      3.7994E-02      7.6098E+01      1.0113E+02      1.0000E+00
      3.3640E-02      1.1148E+00      1.0563E+00      1.3217E+00      3.0230E-02      7.8867E+01      1.0032E+02      1.0000E+00
      2.2642E-02      1.3177E+00      1.1419E+00      1.6191E+00      1.5945E-02      7.8357E+01      1.1486E+02      1.0000E+00
      3.2207E-02      1.3886E+00      1.1884E+00      2.0154E+00      1.8602E-02      6.7411E+01      1.1613E+02      1.0000E+00
      5.4336E-02      1.1874E+00      1.0945E+00      1.2956E+00      4.6708E-02      6.8432E+01      1.1259E+02      1.0000E+00
      5.6583E-02      1.1443E+00      1.0258E+00      1.2351E+00      4.8007E-02      8.3256E+01      1.0161E+02      1.0000E+00
      4.0562E-02      1.0953E+00      1.0271E+00      1.1891E+00      3.6991E-02      7.8390E+01      1.0178E+02      1.0000E+00
      3.1815E-02      1.1444E+00      1.0441E+00      1.3332E+00      2.6972E-02      7.8219E+01      9.5394E+01      1.0000E+00
      2.3889E-02      1.4669E+00      1.3488E+00      1.7856E+00      1.5017E-02      5.7908E+01      1.2945E+02      1.0000E+00
      2.0201E-02      1.3384E+00      1.2349E+00      1.6714E+00      1.5001E-02      5.9521E+01      1.1948E+02      1.0000E+00
      1.7096E-02      1.3233E+00      1.1125E+00      1.5153E+00      1.1555E-02      7.5542E+01      1.1595E+02      1.0000E+00
      2.3157E-02      1.4198E+00      1.2090E+00      1.8229E+00      1.4595E-02      6.6417E+01      1.2124E+02      1.0000E+00
      3.5942E-02      1.1165E+00      1.0348E+00      1.2445E+00      2.9359E-02      7.5109E+01      9.6126E+01      1.0000E+00
      2.1974E-02      1.1940E+00      1.0871E+00      1.4001E+00      1.5128E-02      7.6755E+01      1.1290E+02      1.0000E+00
      2.5338E-02      1.2903E+00      1.2024E+00      1.6016E+00      1.7697E-02      6.6364E+01      1.2032E+02      1.0000E+00
      2.9324E-02      1.1832E+00      1.0904E+00      1.4015E+00      2.3602E-02      7.2540E+01      1.1029E+02      1.0000E+00
      3.5065E-02      1.2724E+00      1.2146E+00      1.6278E+00      2.3847E-02      6.7663E+01      1.2041E+02      1.0000E+00
      5.7320E-02      1.1180E+00      1.0415E+00      1.3006E+00      5.2915E-02      8.3378E+01      9.8315E+01      1.0000E+00
      5.7959E-02      1.3136E+00      1.0966E+00      1.5189E+00      4.3036E-02      6.8738E+01      1.0309E+02      1.0000E+00
      2.6711E-02      1.3309E+00      1.0924E+00      1.4921E+00      2.0660E-02      7.6489E+01      1.0595E+02      1.0000E+00
      1.5415E-02      1.3641E+00      1.2654E+00      1.7470E+00      8.2329E-03      7.1987E+01      1.2691E+02      1.0000E+00
      2.8926E-02      1.1267E+00      1.0382E+00      1.3169E+00      2.4042E-02      8.2964E+01      1.0193E+02      1.0000E+00
      3.7071E-02      1.0503E+00      1.0075E+00      1.1304E+00      3.5231E-02      8.7486E+01      9.3958E+01      1.0000E+00
      3.8699E-02      1.0384E+00      1.0043E+00      1.0899E+00      3.8096E-02      8.7785E+01      9.2046E+01      1.0000E+00
      3.6061E-02      1.0877E+00      1.0175E+00      1.1999E+00      3.3558E-02      8.6124E+01      9.7009E+01      1.0000E+00
      3.1077E-02      1.4805E+00      1.3045E+00      1.6993E+00      1.9646E-02      5.9591E+01      1.2902E+02      1.0000E+00
      3.7796E-02      1.3799E+00      1.1359E+00      1.6609E+00      2.4500E-02      6.5715E+01      1.0860E+02      1.0000E+00
      4.3566E-02      1.1645E+00      1.0331E+00      1.2675E+00      3.6652E-02      7.7158E+01      9.8127E+01      1.0000E+00
      3.9740E-02      1.0448E+00      1.0028E+00      1.0771E+00      3.9039E-02      8.8942E+01      9.1050E+01      1.0000E+00
      3.9347E-02      1.0324E+00      1.0023E+00      1.0698E+00      3.8926E-02      8.9125E+01      9.0499E+01      1.0000E+00
      3.9559E-02      1.0372E+00      1.0028E+00      1.0773E+00      3.9402E-02      8.9145E+01      9.0923E+01      1.0000E+00
      4.9359E-02      1.1301E+00      1.0453E+00      1.2917E+00      4.1054E-02      7.3368E+01      9.8838E+01      1.0000E+00
      4.0304E-02      1.2531E+00      1.2981E+00      1.3695E+00      2.6470E-02      6.6086E+01      1.2930E+02      1.0000E+00
      4.4680E-02      1.0626E+00      1.0110E+00      1.1492E+00      4.0565E-02      8.2183E+01      9.5031E+01      1.0000E+00
      3.9459E-02      1.0307E+00      1.0012E+00      1.0495E+00      3.8820E-02      8.9045E+01      9.0944E+01      1.0000E+00
      3.9326E-02      1.0403E+00      1.0038E+00      1.0543E+00      3.8273E-02      8.5880E+01      9.4156E+01      1.0000E+00
      3.9629E-02      1.0742E+00      1.0131E+00      1.1367E+00      3.6821E-02      8.1407E+01      9.7746E+01      1.0000E+00
      2.8379E-02      1.3486E+00      1.2794E+00      1.6696E+00      1.7312E-02      6.6111E+01      1.2678E+02      1.0000E+00
      4.0703E-02      1.0930E+00      1.0226E+00      1.2116E+00      3.6060E-02      7.9040E+01      9.8612E+01      1.0000E+00
      3.8083E-02      1.1337E+00      1.0405E+00      1.2592E+00      3.3222E-02      7.6789E+01      1.0452E+02      1.0000E+00
      2.9977E-02      1.0867E+00      1.0189E+00      1.2144E+00      2.6907E-02      8.1750E+01      9.7552E+01      1.0000E+00
      2.1038E-02      1.4055E+00      1.2381E+00      1.7575E+00      1.3993E-02      6.2645E+01      1.2281E+02      1.0000E+00
      1.7077E-02      1.1956E+00      1.0768E+00      1.4105E+00      1.2349E-02      7.9068E+01      1.1107E+02      1.0000E+00
      1.1441E-02      1.3769E+00      1.1729E+00      1.6536E+00      6.9680E-03      7.2935E+01      1.2120E+02      1.0000E+00
      1.2258E-02      1.1558E+00      1.1074E+00      1.4570E+00      8.8162E-03      7.9357E+01      1.1189E+02      1.0000E+00
      2.4632E-02      1.0885E+00      1.0538E+00      1.3474E+00      2.0720E-02      8.2093E+01      9.9433E+01      1.0000E+00
      4.2185E-02      1.1492E+00      1.0625E+00      1.3802E+00      3.3227E-02      7.3166E+01      9.7907E+01      1.0000E+00
      4.3318E-02      1.1053E+00      1.0329E+00      1.2277E+00      3.7994E-02      7.6098E+01      1.0113E+02      1.0000E+00
      3.3640E-02      1.1148E+00      1.0563E+00      1.3217E+00      3.0230E-02      7.8867E+01      1.0032E+02      1.0000E+00
      2.2642E-02      1.3177E+00      1.1419E+00      1.6191E+00      1.5945E-02      7.8357E+01      1.1486E+02      1.0000E+00
      3.2207E-02      1.3886E+00      1.1884E+00      2.0154E+00      1.8602E-02      6.7411E+01      1.1613E+02      1.0000E+00
      5.4336E-02      1.1874E+00      1.0945E+00      1.2956E+00      4.6708E-02      6.8432E+01      1.1259E+02      1.0000E+00
      5.6583E-02      1.1443E+00      1.0258E+00      1.2351E+00      4.8007E-02      8.3256E+01      1.0161E+02      1.0000E+00
      4.0562E-02      1.0953E+00      1.0271E+00      1.1891E+00      3.6991E-02      7.8390E+01      1.0178E+02      1.0000E+00
      3.1815E-02      1.1444E+00      1.0441E+00      1.3332E+00      2.6972E-02      7.8219E+01      9.5394E+01      1.0000E+00
      2.3889E-02      1.4669E+00      1.3488E+00      1.7856E+00      1.5017E-02      5.7908E+01      1.2945E+02      1.0000E+00
      2.0201E-02      1.3384E+00      1.2349E+00      1.6714E+00      1.5001E-02      5.9521E+01      1.1948E+02      1.0000E+00
      1.7096E-02      1.3233E+00      1.1125E+00      1.5153E+00      1.1555E-02      7.5542E+01      1.1595E+02      1.0000E+00
      2.3157E-02      1.4198E+00      1.2090E+00      1.8229E+00      1.4595E-02      6.6417E+01      1.2124E+02      1.0000E+00
      3.5942E-02      1.1165E+00      1.0348E+00      1.2445E+00      2.9359E-02      7.5109E+01      9.6126E+01      1.0000E+00
      2.1974E-02      1.1940E+00      1.0871E+00      1.4001E+00      1.5128E-02      7.6755E+01      1.1290E+02      1.0000E+00
      2.5338E-02      1.2903E+00      1.2024E+00      1.6016E+00      1.7697E-02      6.6364E+01      1.2032E+02      1.0000E+00
      2.9324E-02      1.1832E+00      1.0904E+00      1.4015E+00      2.3602E-02      7.2540E+01      1.1029E+02      1.0000E+00
      3.5065E-02      1.2724E+00      1.2146E+00      1.6278E+00      2.3847E-02      6.7663E+01      1.2041E+02      1.0000E+00
      5.7320E-02      1.1180E+00      1.0415E+00      1.3006E+00      5.2915E-02      8.3378E+01      9.8315E+01      1.0000E+00
      5.7959E-02      1.3136E+00      1.0966E+00      1.5189E+00      4.3036E-02      6.8738E+01      1.0309E+02      1.0000E+00
      2.6711E-02      1.3309E+00      1.0924E+00      1.4921E+00      2.0660E-02      7.6489E+01      1.0595E+02      1.0000E+00
