  
 ----------------
 Bad Element Info
 ----------------
  
 Element          590
          1.0471409863330712       0.23167251392906932        0.0000000000000000     
          1.0467350017075403       0.27152161683942622        0.0000000000000000     
          1.0183294322821710       0.25800199426476345        0.0000000000000000     
          1.0200000000000000       0.25000000000000000        0.0000000000000000     
 Problems:
       Edge Ratio         4.8750497134085808     
  
 //////////////////////////////////////////////////
  
 ------------------------
 2D Mesh Quality Measures
 ------------------------
  
Signed Area     Aspect Ratio    Condition       Edge Ratio      Jacobian        Minimum Angle   Maximum Angle   Area Sign       
      8.5415E-04      1.2743E+00      1.1566E+00      1.5594E+00      4.9826E-04      7.1013E+01      1.2002E+02      1.0000E+00
      8.8148E-04      1.2604E+00      1.1626E+00      1.5093E+00      5.1877E-04      7.2355E+01      1.2064E+02      1.0000E+00
      2.4187E-03      1.6179E+00      1.3924E+00      2.0944E+00      1.1909E-03      4.6035E+01      1.0881E+02      1.0000E+00
      2.4451E-03      1.6040E+00      1.3758E+00      2.0876E+00      1.2082E-03      4.6768E+01      1.0792E+02      1.0000E+00
      1.2966E-03      1.0812E+00      1.0164E+00      1.1689E+00      1.1949E-03      8.5482E+01      9.8857E+01      1.0000E+00
      1.3976E-03      1.0395E+00      1.0056E+00      1.0918E+00      1.3707E-03      8.6332E+01      9.3363E+01      1.0000E+00
      1.4844E-03      1.0282E+00      1.0036E+00      1.0513E+00      1.4510E-03      8.5422E+01      9.3439E+01      1.0000E+00
      1.6047E-03      1.0271E+00      1.0048E+00      1.0378E+00      1.5872E-03      8.4789E+01      9.5331E+01      1.0000E+00
      1.9242E-03      1.7263E+00      1.5398E+00      2.2419E+00      1.1050E-03      4.3949E+01      1.2866E+02      1.0000E+00
      1.1625E-03      1.1240E+00      1.0210E+00      1.2422E+00      9.4401E-04      7.9875E+01      1.0157E+02      1.0000E+00
      2.0939E-03      1.6459E+00      1.5457E+00      2.2121E+00      1.2668E-03      4.7129E+01      1.2976E+02      1.0000E+00
      1.5512E-03      1.0538E+00      1.0046E+00      1.0872E+00      1.4626E-03      8.7321E+01      9.4814E+01      1.0000E+00
      1.6160E-03      1.0156E+00      1.0008E+00      1.0318E+00      1.5933E-03      8.7977E+01      9.1268E+01      1.0000E+00
      1.7328E-03      1.0607E+00      1.0053E+00      1.0923E+00      1.6722E-03      8.6983E+01      9.3450E+01      1.0000E+00
      1.6417E-03      1.0075E+00      1.0004E+00      1.0200E+00      1.6241E-03      8.8870E+01      9.1455E+01      1.0000E+00
      1.3582E-03      1.0623E+00      1.0144E+00      1.1077E+00      1.2725E-03      8.3703E+01      9.9408E+01      1.0000E+00
      1.4797E-03      1.0171E+00      1.0076E+00      1.0292E+00      1.4473E-03      8.3984E+01      9.7002E+01      1.0000E+00
      1.9419E-03      1.7148E+00      1.5761E+00      2.2405E+00      1.1349E-03      4.4025E+01      1.3010E+02      1.0000E+00
      1.1845E-03      1.1132E+00      1.0242E+00      1.2435E+00      9.5798E-04      7.7535E+01      9.9554E+01      1.0000E+00
      2.0975E-03      1.6509E+00      1.5533E+00      2.1941E+00      1.2788E-03      4.6727E+01      1.3035E+02      1.0000E+00
      1.5039E-03      1.0210E+00      1.0015E+00      1.0339E+00      1.4860E-03      8.7518E+01      9.2783E+01      1.0000E+00
      1.4209E-03      1.0398E+00      1.0043E+00      1.0966E+00      1.3441E-03      8.7111E+01      9.3248E+01      1.0000E+00
      1.5453E-03      1.0620E+00      1.0090E+00      1.0931E+00      1.4698E-03      8.4271E+01      9.7170E+01      1.0000E+00
      1.7375E-03      1.0667E+00      1.0073E+00      1.1006E+00      1.6757E-03      8.5767E+01      9.4612E+01      1.0000E+00
      1.5629E-03      1.0317E+00      1.0019E+00      1.0477E+00      1.5224E-03      8.7639E+01      9.3010E+01      1.0000E+00
      1.6430E-03      1.0062E+00      1.0008E+00      1.0157E+00      1.6347E-03      8.7865E+01      9.2175E+01      1.0000E+00
      2.0820E-03      1.7073E+00      2.0033E+00      2.1912E+00      1.1431E-03      4.2611E+01      1.4288E+02      1.0000E+00
      2.0918E-03      1.7045E+00      1.9841E+00      2.1878E+00      1.1559E-03      4.2756E+01      1.4255E+02      1.0000E+00
      6.8250E-04      1.2463E+00      1.2036E+00      1.4616E+00      3.9444E-04      7.4565E+01      1.2381E+02      1.0000E+00
      1.8340E-03      1.0321E+00      1.0109E+00      1.1059E+00      1.7409E-03      8.3598E+01      9.6345E+01      1.0000E+00
      1.6715E-03      1.0704E+00      1.0142E+00      1.1520E+00      1.5380E-03      8.1127E+01      9.7716E+01      1.0000E+00
      9.7247E-04      1.4010E+00      1.4507E+00      1.7680E+00      4.3157E-04      7.0463E+01      1.3612E+02      1.0000E+00
      1.8535E-03      1.0331E+00      1.0088E+00      1.0989E+00      1.7654E-03      8.4098E+01      9.5850E+01      1.0000E+00
      1.7028E-03      1.0614E+00      1.0146E+00      1.1558E+00      1.5397E-03      8.1032E+01      9.5989E+01      1.0000E+00
      1.0149E-03      1.4149E+00      1.4165E+00      1.8215E+00      4.7046E-04      7.1083E+01      1.3439E+02      1.0000E+00
      9.3079E-04      1.2848E+00      1.2595E+00      1.5490E+00      4.9347E-04      7.2269E+01      1.2741E+02      1.0000E+00
      1.6126E-03      1.0341E+00      1.0031E+00      1.0640E+00      1.5855E-03      8.6412E+01      9.2801E+01      1.0000E+00
      1.4982E-03      1.0403E+00      1.0033E+00      1.0836E+00      1.4295E-03      8.6692E+01      9.1940E+01      1.0000E+00
      1.3129E-03      1.3594E+00      1.1617E+00      1.7161E+00      8.7851E-04      6.8972E+01      1.1774E+02      1.0000E+00
      1.6655E-03      1.0108E+00      1.0006E+00      1.0268E+00      1.6340E-03      8.8036E+01      9.1179E+01      1.0000E+00
      1.7399E-03      1.0423E+00      1.0032E+00      1.0797E+00      1.6520E-03      8.6980E+01      9.4378E+01      1.0000E+00
      1.6832E-03      1.0509E+00      1.0032E+00      1.0818E+00      1.5920E-03      8.6664E+01      9.2938E+01      1.0000E+00
      2.0956E-03      1.0927E+00      1.0117E+00      1.1583E+00      1.8529E-03      8.4912E+01      9.8321E+01      1.0000E+00
      1.8128E-03      1.1615E+00      1.1089E+00      1.3324E+00      1.5134E-03      6.5706E+01      1.1009E+02      1.0000E+00
      3.2835E-03      1.4733E+00      1.3553E+00      1.6684E+00      1.8954E-03      6.1536E+01      1.3217E+02      1.0000E+00
      2.5760E-03      1.4506E+00      1.2128E+00      1.9634E+00      1.6989E-03      6.3835E+01      1.1774E+02      1.0000E+00
      5.8529E-03      1.1244E+00      1.0507E+00      1.3135E+00      5.0324E-03      7.6160E+01      1.0320E+02      1.0000E+00
      5.7499E-03      1.0223E+00      1.0041E+00      1.0780E+00      5.5589E-03      8.7159E+01      9.2936E+01      1.0000E+00
      6.2465E-03      1.2018E+00      1.2000E+00      1.2980E+00      4.4148E-03      7.0627E+01      1.2347E+02      1.0000E+00
      6.2136E-03      1.1810E+00      1.0467E+00      1.2966E+00      5.3796E-03      7.5579E+01      1.0492E+02      1.0000E+00
      1.2612E-03      1.1298E+00      1.0495E+00      1.2394E+00      1.0181E-03      8.1255E+01      1.0756E+02      1.0000E+00
      2.3381E-03      1.6389E+00      1.4394E+00      2.2403E+00      1.2951E-03      5.5276E+01      1.3046E+02      1.0000E+00
      2.0215E-03      1.6662E+00      1.3212E+00      2.1842E+00      1.1849E-03      5.2632E+01      1.2198E+02      1.0000E+00
      2.2071E-03      1.5979E+00      1.3333E+00      1.8730E+00      1.4372E-03      5.0616E+01      1.2186E+02      1.0000E+00
      1.3236E-03      1.0718E+00      1.0510E+00      1.1348E+00      1.2453E-03      7.3472E+01      1.0645E+02      1.0000E+00
      2.6174E-03      1.6280E+00      1.4983E+00      2.3106E+00      1.3870E-03      5.5270E+01      1.3169E+02      1.0000E+00
      6.8694E-03      1.0575E+00      1.0069E+00      1.1111E+00      6.3130E-03      8.3453E+01      9.3194E+01      1.0000E+00
      6.0609E-03      1.0121E+00      1.0004E+00      1.0273E+00      5.9277E-03      8.8434E+01      9.0952E+01      1.0000E+00
      6.0781E-03      1.0293E+00      1.0015E+00      1.0562E+00      6.0287E-03      8.9637E+01      9.0677E+01      1.0000E+00
      5.9131E-03      1.0230E+00      1.0012E+00      1.0499E+00      5.8533E-03      8.9179E+01      9.0436E+01      1.0000E+00
      1.1531E-03      1.3287E+00      1.2073E+00      1.6258E+00      7.5305E-04      6.7916E+01      1.2232E+02      1.0000E+00
      1.7884E-03      1.1115E+00      1.0257E+00      1.1896E+00      1.5706E-03      7.7677E+01      9.7995E+01      1.0000E+00
      1.6238E-03      1.0474E+00      1.0036E+00      1.0822E+00      1.5624E-03      8.8301E+01      9.3100E+01      1.0000E+00
      1.5856E-03      1.1851E+00      1.0471E+00      1.3287E+00      1.3216E-03      7.4417E+01      1.0247E+02      1.0000E+00
      1.6342E-03      1.0604E+00      1.0094E+00      1.1374E+00      1.5873E-03      8.6498E+01      9.2675E+01      1.0000E+00
      8.1155E-04      1.2636E+00      1.1830E+00      1.4955E+00      4.8972E-04      7.6020E+01      1.2221E+02      1.0000E+00
      1.6408E-03      1.1201E+00      1.0410E+00      1.3598E+00      1.3729E-03      8.1361E+01      9.8927E+01      1.0000E+00
      1.2380E-03      1.1131E+00      1.0295E+00      1.2152E+00      1.0139E-03      8.2872E+01      1.0372E+02      1.0000E+00
      2.2024E-03      1.8499E+00      1.4922E+00      2.4253E+00      1.1948E-03      4.5553E+01      1.2891E+02      1.0000E+00
      2.1037E-03      1.6507E+00      1.4719E+00      2.1822E+00      1.2586E-03      4.7666E+01      1.2738E+02      1.0000E+00
      2.3693E-03      1.7913E+00      1.4950E+00      2.1355E+00      1.4344E-03      4.3854E+01      1.2865E+02      1.0000E+00
      1.3136E-03      1.0850E+00      1.0421E+00      1.1681E+00      1.2152E-03      7.4373E+01      1.0379E+02      1.0000E+00
      2.2884E-03      1.7088E+00      1.4931E+00      2.2552E+00      1.3144E-03      4.6010E+01      1.2756E+02      1.0000E+00
      2.2201E-03      1.6620E+00      1.8069E+00      1.9520E+00      1.3474E-03      4.3562E+01      1.4112E+02      1.0000E+00
      8.3279E-04      1.2617E+00      1.0809E+00      1.4520E+00      6.7508E-04      7.0809E+01      1.0857E+02      1.0000E+00
      1.7758E-03      1.8477E+00      1.7816E+00      2.5165E+00      9.3577E-04      3.9333E+01      1.3213E+02      1.0000E+00
      2.2655E-03      1.7212E+00      1.4639E+00      2.1344E+00      1.3735E-03      4.5933E+01      1.2928E+02      1.0000E+00
      2.1020E-03      1.6184E+00      1.4048E+00      2.1698E+00      1.1988E-03      4.8090E+01      1.2187E+02      1.0000E+00
      1.3089E-03      1.1796E+00      1.0621E+00      1.3296E+00      1.0570E-03      8.0349E+01      1.0885E+02      1.0000E+00
      5.8612E-03      1.2148E+00      1.0627E+00      1.2956E+00      5.0509E-03      7.3521E+01      1.0519E+02      1.0000E+00
      5.2525E-03      1.2949E+00      1.1079E+00      1.4336E+00      4.3336E-03      6.8274E+01      1.0916E+02      1.0000E+00
      1.2592E-03      1.0556E+00      1.0118E+00      1.1078E+00      1.1417E-03      8.6526E+01      9.8733E+01      1.0000E+00
      2.5108E-03      1.6049E+00      1.5092E+00      2.2421E+00      1.2945E-03      5.6223E+01      1.3320E+02      1.0000E+00
      2.0934E-03      1.6352E+00      1.3895E+00      2.0377E+00      1.3568E-03      5.0468E+01      1.2807E+02      1.0000E+00
      2.1967E-03      1.5894E+00      1.3267E+00      1.9036E+00      1.4321E-03      5.0898E+01      1.2390E+02      1.0000E+00
      1.4019E-03      1.2379E+00      1.0790E+00      1.4305E+00      1.1197E-03      8.0674E+01      1.0740E+02      1.0000E+00
      2.5936E-03      1.4879E+00      1.4695E+00      2.2558E+00      1.3678E-03      6.0616E+01      1.2870E+02      1.0000E+00
      5.5552E-03      1.0667E+00      1.0074E+00      1.1296E+00      5.4786E-03      8.8578E+01      9.0926E+01      1.0000E+00
      5.4344E-03      1.0613E+00      1.0061E+00      1.1165E+00      5.3788E-03      8.8984E+01      9.0808E+01      1.0000E+00
      4.8748E-03      1.1214E+00      1.0211E+00      1.2187E+00      4.7591E-03      8.6462E+01      9.3507E+01      1.0000E+00
      4.8598E-03      1.1067E+00      1.0172E+00      1.2025E+00      4.8043E-03      8.8623E+01      9.1346E+01      1.0000E+00
      5.8235E-03      1.0184E+00      1.0015E+00      1.0536E+00      5.7126E-03      8.8814E+01      9.1019E+01      1.0000E+00
      5.9643E-03      1.0145E+00      1.0014E+00      1.0429E+00      5.8359E-03      8.7742E+01      9.1821E+01      1.0000E+00
      6.5939E-03      1.0378E+00      1.0028E+00      1.0753E+00      6.2172E-03      8.5774E+01      9.2324E+01      1.0000E+00
      5.5815E-03      1.1611E+00      1.1487E+00      1.2674E+00      4.0084E-03      7.6343E+01      1.1945E+02      1.0000E+00
      2.2605E-03      1.5099E+00      1.2869E+00      1.9657E+00      1.4174E-03      5.9786E+01      1.2454E+02      1.0000E+00
      5.9659E-03      1.0082E+00      1.0001E+00      1.0193E+00      5.9055E-03      8.9385E+01      9.0551E+01      1.0000E+00
      6.0976E-03      1.0065E+00      1.0002E+00      1.0155E+00      6.0241E-03      8.8995E+01      9.0460E+01      1.0000E+00
      5.8381E-03      1.0193E+00      1.0008E+00      1.0395E+00      5.8308E-03      8.9823E+01      9.0203E+01      1.0000E+00
      5.9618E-03      1.0203E+00      1.0013E+00      1.0492E+00      5.8993E-03      8.8925E+01      9.0955E+01      1.0000E+00
      6.3162E-03      1.0105E+00      1.0004E+00      1.0225E+00      6.2384E-03      8.8354E+01      9.1031E+01      1.0000E+00
      6.7849E-03      1.0326E+00      1.0029E+00      1.0672E+00      6.4299E-03      8.5703E+01      9.1697E+01      1.0000E+00
      6.1965E-03      1.0203E+00      1.0012E+00      1.0496E+00      6.1087E-03      8.9019E+01      9.1314E+01      1.0000E+00
      6.6990E-03      1.0434E+00      1.0062E+00      1.0899E+00      6.3198E-03      8.3759E+01      9.3218E+01      1.0000E+00
      1.9605E-03      1.0577E+00      1.0067E+00      1.1214E+00      1.7764E-03      8.3879E+01      9.4648E+01      1.0000E+00
      1.6384E-03      1.0306E+00      1.0011E+00      1.0497E+00      1.5914E-03      8.8552E+01      9.1949E+01      1.0000E+00
      1.7137E-03      1.0423E+00      1.0055E+00      1.0848E+00      1.5859E-03      8.4022E+01      9.2573E+01      1.0000E+00
      1.5471E-03      1.1783E+00      1.1471E+00      1.2863E+00      1.1388E-03      7.3329E+01      1.1922E+02      1.0000E+00
      6.0166E-04      1.5034E+00      1.2932E+00      1.9762E+00      3.7501E-04      5.9916E+01      1.2459E+02      1.0000E+00
      2.1904E-03      1.4992E+00      1.3288E+00      2.0324E+00      1.3128E-03      6.0036E+01      1.2571E+02      1.0000E+00
      1.3115E-03      1.1150E+00      1.0519E+00      1.2235E+00      1.0279E-03      8.3217E+01      1.0807E+02      1.0000E+00
      2.1974E-03      1.5108E+00      1.3413E+00      2.0639E+00      1.2947E-03      5.9874E+01      1.2622E+02      1.0000E+00
      1.6255E-03      1.0120E+00      1.0008E+00      1.0210E+00      1.6002E-03      8.8319E+01      9.2261E+01      1.0000E+00
      1.5935E-03      1.1479E+00      1.0598E+00      1.3053E+00      1.3510E-03      7.4805E+01      1.0718E+02      1.0000E+00
      1.8778E-03      1.0874E+00      1.0114E+00      1.1528E+00      1.6745E-03      8.1884E+01      9.4392E+01      1.0000E+00
      1.3688E-03      1.1153E+00      1.0156E+00      1.1846E+00      1.2637E-03      8.5220E+01      9.4539E+01      1.0000E+00
      5.1535E-04      1.0566E+00      1.0084E+00      1.1250E+00      4.6517E-04      8.2607E+01      9.3757E+01      1.0000E+00
      4.1579E-04      1.0449E+00      1.0048E+00      1.0802E+00      3.9227E-04      8.6433E+01      9.5534E+01      1.0000E+00
      3.9039E-04      1.0085E+00      1.0002E+00      1.0121E+00      3.8815E-04      8.8930E+01      9.1141E+01      1.0000E+00
      3.9015E-04      1.0070E+00      1.0001E+00      1.0105E+00      3.8850E-04      8.9623E+01      9.0415E+01      1.0000E+00
      5.9871E-04      1.6139E+00      1.5255E+00      2.2480E+00      3.3133E-04      5.3304E+01      1.3227E+02      1.0000E+00
      3.2048E-04      1.1231E+00      1.0323E+00      1.2447E+00      2.5623E-04      8.1184E+01      1.0430E+02      1.0000E+00
      4.9981E-04      1.5029E+00      1.3683E+00      1.9685E+00      3.2301E-04      5.1854E+01      1.2343E+02      1.0000E+00
      3.9322E-04      1.0352E+00      1.0029E+00      1.0537E+00      3.8309E-04      8.6816E+01      9.3835E+01      1.0000E+00
      3.9593E-04      1.0160E+00      1.0004E+00      1.0281E+00      3.9111E-04      8.9321E+01      9.0726E+01      1.0000E+00
      4.1999E-04      1.0582E+00      1.0052E+00      1.0965E+00      4.0534E-04      8.5986E+01      9.3169E+01      1.0000E+00
      3.8997E-04      1.0240E+00      1.0016E+00      1.0576E+00      3.8050E-04      8.8832E+01      9.2067E+01      1.0000E+00
      3.8789E-04      1.0048E+00      1.0000E+00      1.0076E+00      3.8597E-04      8.9629E+01      9.0539E+01      1.0000E+00
      3.8291E-04      1.0037E+00      1.0001E+00      1.0101E+00      3.8051E-04      8.9547E+01      9.0593E+01      1.0000E+00
      3.7603E-04      1.0055E+00      1.0001E+00      1.0148E+00      3.7294E-04      8.9425E+01      9.0363E+01      1.0000E+00
      3.7106E-04      1.0100E+00      1.0002E+00      1.0176E+00      3.6832E-04      8.9545E+01      9.0397E+01      1.0000E+00
      3.9614E-04      1.0111E+00      1.0003E+00      1.0168E+00      3.9234E-04      8.8780E+01      9.1075E+01      1.0000E+00
      3.8645E-04      1.0113E+00      1.0004E+00      1.0294E+00      3.7878E-04      8.8934E+01      9.1200E+01      1.0000E+00
      4.2260E-04      1.0741E+00      1.0150E+00      1.1518E+00      3.8462E-04      8.0379E+01      9.7199E+01      1.0000E+00
      4.1529E-04      1.0835E+00      1.0156E+00      1.1858E+00      3.6755E-04      8.0126E+01      9.6154E+01      1.0000E+00
      3.6652E-04      1.0139E+00      1.0008E+00      1.0405E+00      3.5827E-04      8.8917E+01      9.1475E+01      1.0000E+00
      3.5317E-04      1.0253E+00      1.0010E+00      1.0442E+00      3.4700E-04      8.8988E+01      9.1009E+01      1.0000E+00
      3.3878E-04      1.0443E+00      1.0039E+00      1.0924E+00      3.2130E-04      8.7203E+01      9.3112E+01      1.0000E+00
      3.2064E-04      1.0510E+00      1.0037E+00      1.0873E+00      3.1064E-04      8.8239E+01      9.1908E+01      1.0000E+00
      5.0734E-04      1.4826E+00      1.3223E+00      1.9574E+00      3.2387E-04      5.3283E+01      1.2047E+02      1.0000E+00
      6.6336E-04      1.6958E+00      1.5002E+00      2.2912E+00      3.5257E-04      5.3425E+01      1.3323E+02      1.0000E+00
      3.4646E-04      1.1123E+00      1.0465E+00      1.2730E+00      2.7540E-04      8.2901E+01      1.0630E+02      1.0000E+00
      4.5960E-04      1.0441E+00      1.0109E+00      1.1112E+00      4.3530E-04      8.2658E+01      9.5881E+01      1.0000E+00
      3.7875E-04      1.1309E+00      1.0530E+00      1.3351E+00      3.2275E-04      7.6832E+01      1.0365E+02      1.0000E+00
      3.0572E-04      1.3392E+00      1.4857E+00      1.4732E+00      1.5577E-04      6.7054E+01      1.3769E+02      1.0000E+00
      7.0301E-04      1.4253E+00      1.1928E+00      1.7469E+00      5.0276E-04      6.1776E+01      1.1937E+02      1.0000E+00
      2.8061E-04      1.3100E+00      1.5403E+00      1.5245E+00      1.3774E-04      6.8579E+01      1.3918E+02      1.0000E+00
      2.3578E-04      1.4415E+00      1.3512E+00      1.7737E+00      1.3104E-04      6.3630E+01      1.3106E+02      1.0000E+00
      5.8451E-03      1.1887E+00      1.1630E+00      1.3136E+00      4.2104E-03      7.2563E+01      1.2049E+02      1.0000E+00
      5.7563E-03      1.1944E+00      1.1475E+00      1.3066E+00      4.1089E-03      7.4678E+01      1.1935E+02      1.0000E+00
      2.5077E-03      1.5046E+00      1.2065E+00      1.9451E+00      1.6098E-03      5.9432E+01      1.1587E+02      1.0000E+00
      8.5777E-04      1.3233E+00      1.4728E+00      1.6751E+00      4.1376E-04      7.2225E+01      1.3622E+02      1.0000E+00
      2.2377E-03      1.5623E+00      1.6705E+00      2.0981E+00      1.0235E-03      5.6623E+01      1.4006E+02      1.0000E+00
      5.4084E-03      1.0597E+00      1.0057E+00      1.1122E+00      5.3583E-03      8.9460E+01      9.0606E+01      1.0000E+00
      5.5110E-03      1.0622E+00      1.0068E+00      1.1231E+00      5.3922E-03      8.8740E+01      9.1246E+01      1.0000E+00
      4.8291E-03      1.1059E+00      1.0172E+00      1.2027E+00      4.7648E-03      8.9162E+01      9.1030E+01      1.0000E+00
      4.7505E-03      1.1201E+00      1.0205E+00      1.2171E+00      4.6052E-03      8.7288E+01      9.3135E+01      1.0000E+00
      6.1760E-03      1.0737E+00      1.0164E+00      1.1774E+00      5.7095E-03      8.2611E+01      9.4459E+01      1.0000E+00
      5.3823E-03      1.1800E+00      1.1068E+00      1.3018E+00      3.9955E-03      7.7805E+01      1.1532E+02      1.0000E+00
      4.6623E-03      1.2487E+00      1.0751E+00      1.3321E+00      4.0085E-03      7.4876E+01      1.0634E+02      1.0000E+00
      2.1752E-03      1.5241E+00      1.3608E+00      1.9896E+00      1.3581E-03      5.6436E+01      1.2747E+02      1.0000E+00
      2.2784E-03      1.3887E+00      1.3398E+00      2.0328E+00      1.3199E-03      6.5060E+01      1.2379E+02      1.0000E+00
      1.3025E-03      1.1894E+00      1.0590E+00      1.3513E+00      1.0106E-03      8.2002E+01      1.0875E+02      1.0000E+00
      2.2192E-03      1.5113E+00      1.3262E+00      2.0366E+00      1.3436E-03      5.9429E+01      1.2558E+02      1.0000E+00
      2.1562E-03      1.4745E+00      1.3423E+00      2.0239E+00      1.3029E-03      5.9912E+01      1.2560E+02      1.0000E+00
      1.3041E-03      1.1188E+00      1.0570E+00      1.2382E+00      1.0227E-03      8.3174E+01      1.0882E+02      1.0000E+00
      2.0442E-03      1.1337E+00      1.0290E+00      1.2455E+00      1.7240E-03      8.1689E+01      1.0329E+02      1.0000E+00
      9.9676E-04      1.4383E+00      1.5310E+00      1.7676E+00      4.4945E-04      6.5942E+01      1.3879E+02      1.0000E+00
      1.5979E-03      1.0248E+00      1.0012E+00      1.0404E+00      1.5670E-03      8.8279E+01      9.2324E+01      1.0000E+00
      1.4972E-03      1.0821E+00      1.0093E+00      1.1339E+00      1.3609E-03      8.3007E+01      9.3574E+01      1.0000E+00
      1.8912E-03      1.0760E+00      1.0105E+00      1.1519E+00      1.7111E-03      8.2512E+01      9.3449E+01      1.0000E+00
      1.6074E-03      1.0115E+00      1.0006E+00      1.0333E+00      1.5727E-03      8.8743E+01      9.1210E+01      1.0000E+00
      1.5620E-03      1.0708E+00      1.0071E+00      1.1183E+00      1.5096E-03      8.7614E+01      9.2991E+01      1.0000E+00
      1.4896E-03      1.0501E+00      1.0036E+00      1.0736E+00      1.4322E-03      8.7364E+01      9.3386E+01      1.0000E+00
      1.7355E-03      1.0604E+00      1.0064E+00      1.1241E+00      1.5564E-03      8.3562E+01      9.5405E+01      1.0000E+00
      1.5679E-03      1.1350E+00      1.0967E+00      1.2021E+00      1.2983E-03      7.3118E+01      1.1405E+02      1.0000E+00
      1.4757E-03      1.1467E+00      1.0462E+00      1.3009E+00      1.2667E-03      7.4619E+01      1.0393E+02      1.0000E+00
      7.4839E-04      1.4660E+00      1.1825E+00      1.9427E+00      4.8769E-04      6.5683E+01      1.1718E+02      1.0000E+00
      8.3934E-04      1.4397E+00      1.3132E+00      1.7118E+00      4.9575E-04      6.3018E+01      1.2951E+02      1.0000E+00
      4.7509E-04      1.1707E+00      1.1027E+00      1.2439E+00      4.2102E-04      6.5871E+01      1.1331E+02      1.0000E+00
      5.0625E-04      1.7811E+00      1.7842E+00      2.8240E+00      1.6258E-04      5.6436E+01      1.4203E+02      1.0000E+00
      4.4242E-04      1.7523E+00      1.5105E+00      2.6693E+00      1.4696E-04      5.1659E+01      1.3658E+02      1.0000E+00
      1.0192E-03      1.1596E+00      1.0593E+00      1.2654E+00      7.9717E-04      8.0828E+01      1.0926E+02      1.0000E+00
      5.7260E-04      1.2248E+00      1.0518E+00      1.4519E+00      4.4930E-04      7.4044E+01      1.0220E+02      1.0000E+00
      3.0367E-04      1.4590E+00      1.2552E+00      1.8829E+00      1.5594E-04      6.7359E+01      1.2647E+02      1.0000E+00
      5.7289E-04      1.1036E+00      1.0779E+00      1.1756E+00      5.2557E-04      6.9857E+01      1.1031E+02      1.0000E+00
      7.0866E-04      1.1006E+00      1.0320E+00      1.1582E+00      6.2824E-04      7.9723E+01      1.0423E+02      1.0000E+00
      5.0390E-04      1.1282E+00      1.0345E+00      1.1759E+00      4.6040E-04      7.6706E+01      1.0261E+02      1.0000E+00
      5.4214E-04      1.2078E+00      1.0862E+00      1.3412E+00      4.5873E-04      6.8004E+01      1.1085E+02      1.0000E+00
      3.1824E-04      1.4848E+00      1.2177E+00      1.7865E+00      1.9861E-04      6.4595E+01      1.2372E+02      1.0000E+00
      3.0759E-04      1.4435E+00      1.2228E+00      1.8649E+00      1.8496E-04      6.6949E+01      1.2262E+02      1.0000E+00
      2.2775E-04      1.1748E+00      1.0956E+00      1.3337E+00      1.7138E-04      7.9826E+01      1.1366E+02      1.0000E+00
      3.8550E-04      1.1263E+00      1.0386E+00      1.3464E+00      3.2502E-04      8.1070E+01      1.0004E+02      1.0000E+00
      2.3876E-04      1.4450E+00      1.2382E+00      1.7733E+00      1.3869E-04      6.7812E+01      1.2535E+02      1.0000E+00
      3.5274E-04      1.0782E+00      1.0101E+00      1.1425E+00      3.3928E-04      8.4518E+01      9.4136E+01      1.0000E+00
      4.1138E-04      1.0975E+00      1.0340E+00      1.2138E+00      3.6168E-04      7.5490E+01      1.0120E+02      1.0000E+00
      3.2360E-04      1.0691E+00      1.0165E+00      1.1777E+00      3.0399E-04      8.4049E+01      9.4460E+01      1.0000E+00
      3.6108E-04      1.0467E+00      1.0061E+00      1.1047E+00      3.4940E-04      8.5960E+01      9.2767E+01      1.0000E+00
      4.1940E-04      1.0807E+00      1.0088E+00      1.1403E+00      3.8058E-04      8.3150E+01      9.3864E+01      1.0000E+00
      3.5509E-04      1.0289E+00      1.0035E+00      1.0817E+00      3.3962E-04      8.7076E+01      9.1985E+01      1.0000E+00
      3.6803E-04      1.0263E+00      1.0013E+00      1.0497E+00      3.6589E-04      8.8970E+01      9.1202E+01      1.0000E+00
      3.5921E-04      1.0246E+00      1.0011E+00      1.0488E+00      3.5439E-04      8.9198E+01      9.0740E+01      1.0000E+00
      3.1995E-04      1.4300E+00      1.1607E+00      1.7759E+00      2.1223E-04      6.7220E+01      1.1827E+02      1.0000E+00
      3.6562E-04      1.1247E+00      1.0288E+00      1.2045E+00      3.3390E-04      7.8201E+01      9.9110E+01      1.0000E+00
      3.7174E-04      1.0706E+00      1.0140E+00      1.1078E+00      3.5383E-04      8.2468E+01      9.9158E+01      1.0000E+00
      3.2984E-04      1.0499E+00      1.0111E+00      1.1241E+00      3.0937E-04      8.2648E+01      9.5273E+01      1.0000E+00
      3.0316E-04      1.0869E+00      1.0108E+00      1.1470E+00      2.8810E-04      8.4393E+01      9.4354E+01      1.0000E+00
      3.1638E-04      1.0779E+00      1.0118E+00      1.1618E+00      3.0666E-04      8.8025E+01      9.3651E+01      1.0000E+00
      3.3438E-04      1.0644E+00      1.0089E+00      1.1398E+00      3.3075E-04      8.8440E+01      9.1502E+01      1.0000E+00
      3.4027E-04      1.0597E+00      1.0066E+00      1.1213E+00      3.3934E-04      8.9376E+01      9.0562E+01      1.0000E+00
      3.3996E-04      1.0587E+00      1.0060E+00      1.1160E+00      3.3912E-04      8.9727E+01      9.0225E+01      1.0000E+00
      3.7106E-04      1.0100E+00      1.0002E+00      1.0176E+00      3.6832E-04      8.9545E+01      9.0397E+01      1.0000E+00
      3.7603E-04      1.0055E+00      1.0001E+00      1.0148E+00      3.7294E-04      8.9425E+01      9.0363E+01      1.0000E+00
      3.8291E-04      1.0037E+00      1.0001E+00      1.0101E+00      3.8052E-04      8.9547E+01      9.0593E+01      1.0000E+00
      3.8790E-04      1.0048E+00      1.0000E+00      1.0076E+00      3.8597E-04      8.9630E+01      9.0538E+01      1.0000E+00
      3.5317E-04      1.0253E+00      1.0010E+00      1.0442E+00      3.4700E-04      8.8989E+01      9.1009E+01      1.0000E+00
      3.6652E-04      1.0139E+00      1.0008E+00      1.0405E+00      3.5827E-04      8.8918E+01      9.1475E+01      1.0000E+00
      3.2064E-04      1.0510E+00      1.0037E+00      1.0873E+00      3.1064E-04      8.8239E+01      9.1909E+01      1.0000E+00
      3.3879E-04      1.0443E+00      1.0039E+00      1.0924E+00      3.2130E-04      8.7204E+01      9.3112E+01      1.0000E+00
      3.8646E-04      1.0113E+00      1.0004E+00      1.0294E+00      3.7879E-04      8.8932E+01      9.1199E+01      1.0000E+00
      3.9616E-04      1.0111E+00      1.0003E+00      1.0168E+00      3.9236E-04      8.8783E+01      9.1073E+01      1.0000E+00
      4.1531E-04      1.0835E+00      1.0156E+00      1.1858E+00      3.6756E-04      8.0123E+01      9.6156E+01      1.0000E+00
      4.2265E-04      1.0741E+00      1.0149E+00      1.1517E+00      3.8466E-04      8.0388E+01      9.7186E+01      1.0000E+00
      3.9017E-04      1.0070E+00      1.0001E+00      1.0104E+00      3.8852E-04      8.9619E+01      9.0417E+01      1.0000E+00
      3.9043E-04      1.0084E+00      1.0002E+00      1.0121E+00      3.8819E-04      8.8926E+01      9.1149E+01      1.0000E+00
      4.1592E-04      1.0451E+00      1.0048E+00      1.0805E+00      3.9236E-04      8.6405E+01      9.5557E+01      1.0000E+00
      5.1569E-04      1.0571E+00      1.0085E+00      1.1255E+00      4.6536E-04      8.2566E+01      9.3743E+01      1.0000E+00
      3.9598E-04      1.0160E+00      1.0004E+00      1.0280E+00      3.9116E-04      8.9331E+01      9.0733E+01      1.0000E+00
      3.9335E-04      1.0351E+00      1.0029E+00      1.0534E+00      3.8326E-04      8.6787E+01      9.3848E+01      1.0000E+00
      3.9008E-04      1.0239E+00      1.0016E+00      1.0576E+00      3.8060E-04      8.8802E+01      9.2090E+01      1.0000E+00
      4.2027E-04      1.0581E+00      1.0053E+00      1.0965E+00      4.0550E-04      8.5924E+01      9.3208E+01      1.0000E+00
      3.2066E-04      1.1229E+00      1.0321E+00      1.2448E+00      2.5639E-04      8.1156E+01      1.0426E+02      1.0000E+00
      5.9995E-04      1.6156E+00      1.5290E+00      2.2508E+00      3.3195E-04      5.3181E+01      1.3234E+02      1.0000E+00
      5.0075E-04      1.5025E+00      1.3694E+00      1.9693E+00      3.2327E-04      5.1794E+01      1.2339E+02      1.0000E+00
      2.3582E-04      1.4416E+00      1.3515E+00      1.7734E+00      1.3105E-04      6.3622E+01      1.3107E+02      1.0000E+00
      3.7897E-04      1.1310E+00      1.0533E+00      1.3355E+00      3.2293E-04      7.6779E+01      1.0368E+02      1.0000E+00
      4.6017E-04      1.0438E+00      1.0106E+00      1.1105E+00      4.3593E-04      8.2764E+01      9.5754E+01      1.0000E+00
      3.0640E-04      1.3389E+00      1.4911E+00      1.4689E+00      1.5588E-04      6.6951E+01      1.3788E+02      1.0000E+00
      5.0832E-04      1.4812E+00      1.3194E+00      1.9565E+00      3.2446E-04      5.3419E+01      1.2031E+02      1.0000E+00
      3.4816E-04      1.1119E+00      1.0483E+00      1.2743E+00      2.7724E-04      8.3146E+01      1.0652E+02      1.0000E+00
      6.6736E-04      1.7028E+00      1.4943E+00      2.2906E+00      3.5529E-04      5.3400E+01      1.3316E+02      1.0000E+00
      2.8241E-04      1.3157E+00      1.5595E+00      1.5196E+00      1.3793E-04      6.8199E+01      1.3981E+02      1.0000E+00
      7.1255E-04      1.4401E+00      1.2086E+00      1.7616E+00      5.0742E-04      6.0603E+01      1.2045E+02      1.0000E+00
      1.5508E-03      1.1767E+00      1.1465E+00      1.2863E+00      1.1414E-03      7.3441E+01      1.1915E+02      1.0000E+00
      1.7177E-03      1.0437E+00      1.0055E+00      1.0850E+00      1.5894E-03      8.3993E+01      9.2558E+01      1.0000E+00
      6.0223E-04      1.5025E+00      1.2931E+00      1.9761E+00      3.7545E-04      5.9938E+01      1.2456E+02      1.0000E+00
      1.6420E-03      1.0318E+00      1.0012E+00      1.0495E+00      1.5949E-03      8.8540E+01      9.1968E+01      1.0000E+00
      1.9645E-03      1.0565E+00      1.0064E+00      1.1189E+00      1.7803E-03      8.3881E+01      9.4637E+01      1.0000E+00
      1.6041E-03      1.1442E+00      1.0617E+00      1.3059E+00      1.3583E-03      7.4764E+01      1.0731E+02      1.0000E+00
      1.6361E-03      1.0083E+00      1.0008E+00      1.0208E+00      1.6102E-03      8.8367E+01      9.2275E+01      1.0000E+00
      1.3894E-03      1.1272E+00      1.0186E+00      1.2062E+00      1.2821E-03      8.4560E+01      9.4070E+01      1.0000E+00
      1.9044E-03      1.0949E+00      1.0123E+00      1.1697E+00      1.7031E-03      8.2009E+01      9.4266E+01      1.0000E+00
      1.3181E-03      1.1195E+00      1.0528E+00      1.2317E+00      1.0312E-03      8.3199E+01      1.0822E+02      1.0000E+00
      2.2020E-03      1.5043E+00      1.3325E+00      2.0345E+00      1.3188E-03      5.9754E+01      1.2595E+02      1.0000E+00
      2.2232E-03      1.5016E+00      1.3364E+00      2.0665E+00      1.3053E-03      6.0512E+01      1.2583E+02      1.0000E+00
      5.9050E-03      1.1838E+00      1.1659E+00      1.3119E+00      4.3046E-03      7.1696E+01      1.2058E+02      1.0000E+00
      5.6970E-03      1.1992E+00      1.1440E+00      1.3088E+00      4.0251E-03      7.5660E+01      1.1906E+02      1.0000E+00
      8.8823E-04      1.3541E+00      1.5335E+00      1.6971E+00      4.2096E-04      7.1250E+01      1.3825E+02      1.0000E+00
      2.5597E-03      1.5260E+00      1.2227E+00      1.9183E+00      1.6713E-03      5.8839E+01      1.1718E+02      1.0000E+00
      2.1838E-03      1.5472E+00      1.7215E+00      2.1622E+00      9.7723E-04      5.6704E+01      1.4033E+02      1.0000E+00
      5.5975E-03      1.1591E+00      1.1479E+00      1.2603E+00      4.0324E-03      7.6300E+01      1.1939E+02      1.0000E+00
      6.5991E-03      1.0388E+00      1.0028E+00      1.0764E+00      6.2185E-03      8.5800E+01      9.2415E+01      1.0000E+00
      2.2646E-03      1.5084E+00      1.2864E+00      1.9659E+00      1.4193E-03      5.9868E+01      1.2449E+02      1.0000E+00
      5.9654E-03      1.0148E+00      1.0014E+00      1.0433E+00      5.8363E-03      8.7713E+01      9.1834E+01      1.0000E+00
      5.8238E-03      1.0184E+00      1.0015E+00      1.0537E+00      5.7126E-03      8.8806E+01      9.1023E+01      1.0000E+00
      6.7984E-03      1.0311E+00      1.0026E+00      1.0660E+00      6.4327E-03      8.5924E+01      9.2086E+01      1.0000E+00
      6.3186E-03      1.0103E+00      1.0005E+00      1.0223E+00      6.2390E-03      8.8229E+01      9.1157E+01      1.0000E+00
      6.6850E-03      1.0450E+00      1.0068E+00      1.0910E+00      6.3147E-03      8.3506E+01      9.3451E+01      1.0000E+00
      6.1937E-03      1.0205E+00      1.0012E+00      1.0498E+00      6.1077E-03      8.8921E+01      9.1410E+01      1.0000E+00
      6.0981E-03      1.0064E+00      1.0002E+00      1.0154E+00      6.0242E-03      8.8957E+01      9.0498E+01      1.0000E+00
      5.9659E-03      1.0082E+00      1.0001E+00      1.0193E+00      5.9054E-03      8.9375E+01      9.0560E+01      1.0000E+00
      5.9612E-03      1.0203E+00      1.0013E+00      1.0493E+00      5.8990E-03      8.8894E+01      9.0986E+01      1.0000E+00
      5.8380E-03      1.0193E+00      1.0008E+00      1.0395E+00      5.8308E-03      8.9815E+01      9.0212E+01      1.0000E+00
      5.0278E-04      1.7707E+00      1.7614E+00      2.8188E+00      1.6265E-04      5.6317E+01      1.4145E+02      1.0000E+00
      4.4155E-04      1.7518E+00      1.5072E+00      2.6774E+00      1.4667E-04      5.1536E+01      1.3641E+02      1.0000E+00
      2.3876E-04      1.4450E+00      1.2382E+00      1.7733E+00      1.3869E-04      6.7813E+01      1.2535E+02      1.0000E+00
      3.8548E-04      1.1263E+00      1.0386E+00      1.3463E+00      3.2501E-04      8.1066E+01      1.0004E+02      1.0000E+00
      3.5509E-04      1.0289E+00      1.0035E+00      1.0817E+00      3.3962E-04      8.7076E+01      9.1985E+01      1.0000E+00
      4.1940E-04      1.0807E+00      1.0088E+00      1.1403E+00      3.8058E-04      8.3150E+01      9.3864E+01      1.0000E+00
      3.5921E-04      1.0246E+00      1.0011E+00      1.0488E+00      3.5439E-04      8.9198E+01      9.0740E+01      1.0000E+00
      3.6803E-04      1.0263E+00      1.0013E+00      1.0497E+00      3.6589E-04      8.8970E+01      9.1202E+01      1.0000E+00
      4.1138E-04      1.0975E+00      1.0340E+00      1.2138E+00      3.6167E-04      7.5490E+01      1.0120E+02      1.0000E+00
      3.5273E-04      1.0782E+00      1.0101E+00      1.1426E+00      3.3927E-04      8.4515E+01      9.4137E+01      1.0000E+00
      3.6107E-04      1.0467E+00      1.0061E+00      1.1047E+00      3.4940E-04      8.5959E+01      9.2767E+01      1.0000E+00
      3.2359E-04      1.0691E+00      1.0165E+00      1.1777E+00      3.0398E-04      8.4048E+01      9.4461E+01      1.0000E+00
      1.0166E-03      1.1580E+00      1.0597E+00      1.2625E+00      7.9646E-04      8.0724E+01      1.0932E+02      1.0000E+00
      3.0361E-04      1.4590E+00      1.2548E+00      1.8833E+00      1.5593E-04      6.7341E+01      1.2645E+02      1.0000E+00
      5.7212E-04      1.2248E+00      1.0521E+00      1.4514E+00      4.4895E-04      7.3987E+01      1.0224E+02      1.0000E+00
      5.7278E-04      1.1036E+00      1.0779E+00      1.1754E+00      5.2553E-04      6.9848E+01      1.1032E+02      1.0000E+00
      3.1821E-04      1.4848E+00      1.2177E+00      1.7865E+00      1.9858E-04      6.4597E+01      1.2372E+02      1.0000E+00
      2.2774E-04      1.1748E+00      1.0956E+00      1.3337E+00      1.7138E-04      7.9825E+01      1.1366E+02      1.0000E+00
      3.0756E-04      1.4435E+00      1.2227E+00      1.8648E+00      1.8494E-04      6.6955E+01      1.2262E+02      1.0000E+00
      7.0794E-04      1.1011E+00      1.0321E+00      1.1581E+00      6.2783E-04      7.9664E+01      1.0426E+02      1.0000E+00
      5.4202E-04      1.2079E+00      1.0863E+00      1.3411E+00      4.5862E-04      6.7992E+01      1.1085E+02      1.0000E+00
      5.0373E-04      1.1284E+00      1.0346E+00      1.1759E+00      4.6021E-04      7.6690E+01      1.0262E+02      1.0000E+00
      9.7695E-04      1.4172E+00      1.4960E+00      1.7603E+00      4.4592E-04      6.7567E+01      1.3758E+02      1.0000E+00
      2.0108E-03      1.1474E+00      1.0293E+00      1.2483E+00      1.6862E-03      8.1672E+01      1.0359E+02      1.0000E+00
      1.4851E-03      1.0870E+00      1.0103E+00      1.1433E+00      1.3522E-03      8.2865E+01      9.3859E+01      1.0000E+00
      1.5851E-03      1.0301E+00      1.0017E+00      1.0514E+00      1.5527E-03      8.8310E+01      9.2373E+01      1.0000E+00
      2.1909E-03      1.5212E+00      1.3327E+00      2.0331E+00      1.3318E-03      5.8704E+01      1.2606E+02      1.0000E+00
      1.2962E-03      1.1224E+00      1.0557E+00      1.2449E+00      1.0190E-03      8.3451E+01      1.0859E+02      1.0000E+00
      2.1442E-03      1.4690E+00      1.3394E+00      2.0224E+00      1.2964E-03      6.0189E+01      1.2535E+02      1.0000E+00
      1.5630E-03      1.1332E+00      1.0975E+00      1.2014E+00      1.2943E-03      7.3083E+01      1.1412E+02      1.0000E+00
      1.7303E-03      1.0585E+00      1.0063E+00      1.1240E+00      1.5521E-03      8.3595E+01      9.5409E+01      1.0000E+00
      1.4743E-03      1.1474E+00      1.0462E+00      1.3010E+00      1.2653E-03      7.4583E+01      1.0397E+02      1.0000E+00
      7.4742E-04      1.4673E+00      1.1825E+00      1.9428E+00      4.8694E-04      6.5648E+01      1.1722E+02      1.0000E+00
      4.7492E-04      1.1710E+00      1.1027E+00      1.2439E+00      4.2086E-04      6.5860E+01      1.1332E+02      1.0000E+00
      8.3856E-04      1.4390E+00      1.3121E+00      1.7108E+00      4.9538E-04      6.3091E+01      1.2946E+02      1.0000E+00
      1.6032E-03      1.0119E+00      1.0007E+00      1.0356E+00      1.5683E-03      8.8734E+01      9.1210E+01      1.0000E+00
      1.8868E-03      1.0775E+00      1.0109E+00      1.1552E+00      1.7066E-03      8.2489E+01      9.3455E+01      1.0000E+00
      1.4882E-03      1.0507E+00      1.0037E+00      1.0748E+00      1.4307E-03      8.7358E+01      9.3398E+01      1.0000E+00
      1.5607E-03      1.0713E+00      1.0072E+00      1.1192E+00      1.5085E-03      8.7602E+01      9.2994E+01      1.0000E+00
      3.3996E-04      1.0587E+00      1.0060E+00      1.1160E+00      3.3912E-04      8.9727E+01      9.0225E+01      1.0000E+00
      3.4027E-04      1.0597E+00      1.0066E+00      1.1213E+00      3.3934E-04      8.9375E+01      9.0562E+01      1.0000E+00
      3.3438E-04      1.0644E+00      1.0089E+00      1.1398E+00      3.3075E-04      8.8440E+01      9.1502E+01      1.0000E+00
      3.1638E-04      1.0779E+00      1.0118E+00      1.1618E+00      3.0666E-04      8.8025E+01      9.3651E+01      1.0000E+00
      3.0316E-04      1.0869E+00      1.0108E+00      1.1470E+00      2.8810E-04      8.4392E+01      9.4355E+01      1.0000E+00
      3.2983E-04      1.0499E+00      1.0111E+00      1.1241E+00      3.0936E-04      8.2646E+01      9.5274E+01      1.0000E+00
      3.7172E-04      1.0706E+00      1.0140E+00      1.1078E+00      3.5381E-04      8.2465E+01      9.9160E+01      1.0000E+00
      3.6559E-04      1.1247E+00      1.0288E+00      1.2047E+00      3.3386E-04      7.8197E+01      9.9112E+01      1.0000E+00
      3.1989E-04      1.4302E+00      1.1608E+00      1.7759E+00      2.1217E-04      6.7220E+01      1.1827E+02      1.0000E+00
      5.3650E-03      1.1823E+00      1.1074E+00      1.3098E+00      3.9705E-03      7.7941E+01      1.1536E+02      1.0000E+00
      6.1704E-03      1.0744E+00      1.0166E+00      1.1779E+00      5.7078E-03      8.2577E+01      9.4490E+01      1.0000E+00
      4.6596E-03      1.2492E+00      1.0754E+00      1.3327E+00      4.0046E-03      7.4886E+01      1.0636E+02      1.0000E+00
      2.1708E-03      1.5258E+00      1.3615E+00      1.9894E+00      1.3560E-03      5.6344E+01      1.2753E+02      1.0000E+00
      1.3017E-03      1.1898E+00      1.0589E+00      1.3520E+00      1.0102E-03      8.1993E+01      1.0873E+02      1.0000E+00
      2.2763E-03      1.3879E+00      1.3389E+00      2.0319E+00      1.3190E-03      6.5120E+01      1.2374E+02      1.0000E+00
      5.5098E-03      1.0623E+00      1.0068E+00      1.1232E+00      5.3918E-03      8.8770E+01      9.1261E+01      1.0000E+00
      5.4081E-03      1.0597E+00      1.0057E+00      1.1122E+00      5.3582E-03      8.9469E+01      9.0611E+01      1.0000E+00
      4.7496E-03      1.1202E+00      1.0206E+00      1.2175E+00      4.6038E-03      8.7303E+01      9.3132E+01      1.0000E+00
      4.8289E-03      1.1060E+00      1.0172E+00      1.2028E+00      4.7644E-03      8.9167E+01      9.1028E+01      1.0000E+00
      5.7499E-03      1.0223E+00      1.0041E+00      1.0780E+00      5.5587E-03      8.7162E+01      9.2934E+01      1.0000E+00
      5.8525E-03      1.1244E+00      1.0507E+00      1.3135E+00      5.0323E-03      7.6165E+01      1.0320E+02      1.0000E+00
      1.3129E-03      1.3594E+00      1.1617E+00      1.7161E+00      8.7850E-04      6.8974E+01      1.1774E+02      1.0000E+00
      1.4982E-03      1.0402E+00      1.0033E+00      1.0834E+00      1.4294E-03      8.6681E+01      9.1933E+01      1.0000E+00
      1.6127E-03      1.0338E+00      1.0030E+00      1.0636E+00      1.5850E-03      8.6420E+01      9.2764E+01      1.0000E+00
      3.2832E-03      1.4732E+00      1.3552E+00      1.6683E+00      1.8954E-03      6.1541E+01      1.3217E+02      1.0000E+00
      1.8127E-03      1.1615E+00      1.1089E+00      1.3323E+00      1.5133E-03      6.5704E+01      1.1009E+02      1.0000E+00
      2.5754E-03      1.4507E+00      1.2128E+00      1.9633E+00      1.6988E-03      6.3826E+01      1.1774E+02      1.0000E+00
      1.7397E-03      1.0423E+00      1.0032E+00      1.0797E+00      1.6519E-03      8.6962E+01      9.4391E+01      1.0000E+00
      1.6650E-03      1.0103E+00      1.0005E+00      1.0256E+00      1.6339E-03      8.8114E+01      9.1108E+01      1.0000E+00
      2.0949E-03      1.0926E+00      1.0117E+00      1.1584E+00      1.8521E-03      8.4924E+01      9.8339E+01      1.0000E+00
      1.6820E-03      1.0510E+00      1.0032E+00      1.0821E+00      1.5913E-03      8.6585E+01      9.2827E+01      1.0000E+00
      6.0608E-03      1.0121E+00      1.0004E+00      1.0273E+00      5.9276E-03      8.8439E+01      9.0956E+01      1.0000E+00
      6.8686E-03      1.0575E+00      1.0069E+00      1.1111E+00      6.3125E-03      8.3446E+01      9.3199E+01      1.0000E+00
      5.9130E-03      1.0230E+00      1.0012E+00      1.0499E+00      5.8532E-03      8.9175E+01      9.0440E+01      1.0000E+00
      6.0778E-03      1.0292E+00      1.0015E+00      1.0561E+00      6.0283E-03      8.9646E+01      9.0669E+01      1.0000E+00
      6.2436E-03      1.2016E+00      1.1998E+00      1.2978E+00      4.4118E-03      7.0661E+01      1.2346E+02      1.0000E+00
      6.2129E-03      1.1808E+00      1.0467E+00      1.2965E+00      5.3798E-03      7.5564E+01      1.0492E+02      1.0000E+00
      2.3363E-03      1.6382E+00      1.4388E+00      2.2405E+00      1.2943E-03      5.5309E+01      1.3042E+02      1.0000E+00
      1.2594E-03      1.1302E+00      1.0498E+00      1.2387E+00      1.0170E-03      8.1161E+01      1.0763E+02      1.0000E+00
      2.0156E-03      1.6683E+00      1.3230E+00      2.1827E+00      1.1797E-03      5.2528E+01      1.2195E+02      1.0000E+00
      2.1995E-03      1.5994E+00      1.3326E+00      1.8825E+00      1.4255E-03      5.0665E+01      1.2154E+02      1.0000E+00
      2.6161E-03      1.6289E+00      1.4972E+00      2.3084E+00      1.3863E-03      5.5274E+01      1.3171E+02      1.0000E+00
      1.3252E-03      1.0691E+00      1.0522E+00      1.1311E+00      1.2441E-03      7.3308E+01      1.0675E+02      1.0000E+00
      1.6055E-03      1.0262E+00      1.0047E+00      1.0359E+00      1.5885E-03      8.4816E+01      9.5222E+01      1.0000E+00
      1.4882E-03      1.0291E+00      1.0032E+00      1.0543E+00      1.4581E-03      8.5816E+01      9.3140E+01      1.0000E+00
      1.4108E-03      1.0476E+00      1.0068E+00      1.1015E+00      1.3820E-03      8.5562E+01      9.3732E+01      1.0000E+00
      1.3493E-03      1.0739E+00      1.0188E+00      1.1572E+00      1.2766E-03      8.3486E+01      9.8907E+01      1.0000E+00
      1.6148E-03      1.0134E+00      1.0006E+00      1.0275E+00      1.5938E-03      8.8205E+01      9.1091E+01      1.0000E+00
      1.5489E-03      1.0482E+00      1.0040E+00      1.0762E+00      1.4647E-03      8.7064E+01      9.4973E+01      1.0000E+00
      1.6387E-03      1.0060E+00      1.0006E+00      1.0176E+00      1.6208E-03      8.8533E+01      9.1764E+01      1.0000E+00
      1.7237E-03      1.0556E+00      1.0050E+00      1.0812E+00      1.6657E-03      8.6431E+01      9.3934E+01      1.0000E+00
      1.1596E-03      1.1303E+00      1.0222E+00      1.2473E+00      9.3725E-04      7.9006E+01      1.0117E+02      1.0000E+00
      1.8922E-03      1.7093E+00      1.5554E+00      2.1980E+00      1.1130E-03      4.3771E+01      1.2952E+02      1.0000E+00
      2.0654E-03      1.6215E+00      1.5398E+00      2.1872E+00      1.2599E-03      4.7517E+01      1.2931E+02      1.0000E+00
      1.0527E-03      1.2605E+00      1.2555E+00      1.6501E+00      6.2143E-04      7.3127E+01      1.2457E+02      1.0000E+00
      2.0512E-03      1.6417E+00      1.5477E+00      1.9802E+00      1.3431E-03      4.4666E+01      1.3222E+02      1.0000E+00
      9.5993E-04      1.1289E+00      1.1366E+00      1.1607E+00      7.6737E-04      7.2532E+01      1.1837E+02      1.0000E+00
      2.0741E-03      1.6158E+00      1.5313E+00      1.9732E+00      1.3629E-03      4.5532E+01      1.3148E+02      1.0000E+00
      1.0821E-03      1.2632E+00      1.2542E+00      1.6146E+00      6.4552E-04      7.2411E+01      1.2508E+02      1.0000E+00
      1.6675E-03      1.0695E+00      1.0150E+00      1.1509E+00      1.5331E-03      8.0746E+01      9.7929E+01      1.0000E+00
      1.8263E-03      1.0294E+00      1.0084E+00      1.1017E+00      1.7364E-03      8.4806E+01      9.4886E+01      1.0000E+00
      9.6916E-04      1.4059E+00      1.4481E+00      1.7816E+00      4.3041E-04      7.0297E+01      1.3598E+02      1.0000E+00
      2.0454E-03      1.6753E+00      1.9497E+00      2.1816E+00      1.1199E-03      4.3965E+01      1.4195E+02      1.0000E+00
      6.8214E-04      1.2610E+00      1.2225E+00      1.4987E+00      3.9323E-04      7.5802E+01      1.2503E+02      1.0000E+00
      2.0510E-03      1.6888E+00      1.9316E+00      2.1314E+00      1.1456E-03      4.3403E+01      1.4225E+02      1.0000E+00
      9.3627E-04      1.2876E+00      1.2606E+00      1.5618E+00      4.9748E-04      7.2482E+01      1.2744E+02      1.0000E+00
      1.8238E-03      1.0325E+00      1.0111E+00      1.1044E+00      1.7247E-03      8.3722E+01      9.6801E+01      1.0000E+00
      1.0018E-03      1.4008E+00      1.3908E+00      1.8064E+00      4.6953E-04      7.0620E+01      1.3336E+02      1.0000E+00
      1.6848E-03      1.0670E+00      1.0130E+00      1.1553E+00      1.5293E-03      8.1300E+01      9.6176E+01      1.0000E+00
      1.9039E-03      1.6935E+00      1.5866E+00      2.1929E+00      1.1397E-03      4.4047E+01      1.3077E+02      1.0000E+00
      2.0674E-03      1.6338E+00      1.5432E+00      2.1751E+00      1.2679E-03      4.7100E+01      1.2992E+02      1.0000E+00
      1.1801E-03      1.1182E+00      1.0267E+00      1.2482E+00      9.5050E-04      7.6913E+01      9.9319E+01      1.0000E+00
      1.4101E-03      1.0552E+00      1.0151E+00      1.0967E+00      1.3561E-03      8.2845E+01      9.9291E+01      1.0000E+00
      1.4911E-03      1.0248E+00      1.0097E+00      1.0414E+00      1.4500E-03      8.3535E+01      9.7857E+01      1.0000E+00
      1.7228E-03      1.0616E+00      1.0065E+00      1.0924E+00      1.6628E-03      8.5880E+01      9.4565E+01      1.0000E+00
      1.5408E-03      1.0568E+00      1.0083E+00      1.0837E+00      1.4694E-03      8.4250E+01      9.7124E+01      1.0000E+00
      1.6339E-03      1.0049E+00      1.0008E+00      1.0114E+00      1.6233E-03      8.8051E+01      9.2185E+01      1.0000E+00
      1.5595E-03      1.0287E+00      1.0017E+00      1.0424E+00      1.5212E-03      8.7675E+01      9.2940E+01      1.0000E+00
      1.5060E-03      1.0195E+00      1.0015E+00      1.0312E+00      1.4844E-03      8.7391E+01      9.3080E+01      1.0000E+00
      1.4207E-03      1.0379E+00      1.0041E+00      1.0937E+00      1.3438E-03      8.7083E+01      9.3221E+01      1.0000E+00
      5.4344E-03      1.0613E+00      1.0061E+00      1.1165E+00      5.3787E-03      8.8981E+01      9.0810E+01      1.0000E+00
      5.5553E-03      1.0666E+00      1.0074E+00      1.1295E+00      5.4785E-03      8.8573E+01      9.0927E+01      1.0000E+00
      4.8598E-03      1.1067E+00      1.0172E+00      1.2025E+00      4.8042E-03      8.8622E+01      9.1346E+01      1.0000E+00
      4.8749E-03      1.1213E+00      1.0210E+00      1.2186E+00      4.7591E-03      8.6461E+01      9.3505E+01      1.0000E+00
      5.8618E-03      1.2146E+00      1.0626E+00      1.2953E+00      5.0504E-03      7.3525E+01      1.0518E+02      1.0000E+00
      5.2527E-03      1.2948E+00      1.1078E+00      1.4334E+00      4.3338E-03      6.8280E+01      1.0915E+02      1.0000E+00
      2.5118E-03      1.6051E+00      1.5084E+00      2.2397E+00      1.2964E-03      5.6195E+01      1.3320E+02      1.0000E+00
      1.2606E-03      1.0538E+00      1.0119E+00      1.1050E+00      1.1426E-03      8.6573E+01      9.8761E+01      1.0000E+00
      2.0945E-03      1.6344E+00      1.3893E+00      2.0385E+00      1.3572E-03      5.0506E+01      1.2804E+02      1.0000E+00
      2.1969E-03      1.5892E+00      1.3267E+00      1.9036E+00      1.4323E-03      5.0892E+01      1.2390E+02      1.0000E+00
      2.5941E-03      1.4879E+00      1.4698E+00      2.2560E+00      1.3680E-03      6.0603E+01      1.2871E+02      1.0000E+00
      1.4018E-03      1.2379E+00      1.0790E+00      1.4304E+00      1.1197E-03      8.0681E+01      1.0739E+02      1.0000E+00
      1.3159E-03      1.0859E+00      1.0418E+00      1.1710E+00      1.2178E-03      7.4531E+01      1.0363E+02      1.0000E+00
      2.3674E-03      1.7894E+00      1.4961E+00      2.1297E+00      1.4389E-03      4.3770E+01      1.2879E+02      1.0000E+00
      2.2895E-03      1.7081E+00      1.4947E+00      2.2561E+00      1.3150E-03      4.5995E+01      1.2758E+02      1.0000E+00
      2.1969E-03      1.8478E+00      1.4922E+00      2.4354E+00      1.1872E-03      4.5668E+01      1.2872E+02      1.0000E+00
      1.2321E-03      1.1109E+00      1.0298E+00      1.2095E+00      1.0077E-03      8.2841E+01      1.0381E+02      1.0000E+00
      2.1005E-03      1.6529E+00      1.4726E+00      2.1821E+00      1.2570E-03      4.7611E+01      1.2747E+02      1.0000E+00
      2.2651E-03      1.7208E+00      1.4634E+00      2.1340E+00      1.3737E-03      4.5963E+01      1.2927E+02      1.0000E+00
      1.3087E-03      1.1796E+00      1.0622E+00      1.3295E+00      1.0568E-03      8.0336E+01      1.0887E+02      1.0000E+00
      2.1010E-03      1.6180E+00      1.4041E+00      2.1690E+00      1.1986E-03      4.8116E+01      1.2186E+02      1.0000E+00
      2.2194E-03      1.6630E+00      1.8080E+00      1.9524E+00      1.3466E-03      4.3534E+01      1.4115E+02      1.0000E+00
      1.7755E-03      1.8470E+00      1.7810E+00      2.5160E+00      9.3567E-04      3.9343E+01      1.3210E+02      1.0000E+00
      8.3270E-04      1.2619E+00      1.0810E+00      1.4520E+00      6.7502E-04      7.0806E+01      1.0858E+02      1.0000E+00
      1.6189E-03      1.0493E+00      1.0039E+00      1.0872E+00      1.5560E-03      8.8306E+01      9.3210E+01      1.0000E+00
      1.7863E-03      1.1123E+00      1.0258E+00      1.1892E+00      1.5679E-03      7.7662E+01      9.7939E+01      1.0000E+00
      1.6324E-03      1.0612E+00      1.0095E+00      1.1387E+00      1.5862E-03      8.6504E+01      9.2672E+01      1.0000E+00
      1.5846E-03      1.1857E+00      1.0473E+00      1.3288E+00      1.3204E-03      7.4381E+01      1.0248E+02      1.0000E+00
      1.1530E-03      1.3276E+00      1.2073E+00      1.6253E+00      7.5305E-04      6.7956E+01      1.2230E+02      1.0000E+00
      1.6404E-03      1.1198E+00      1.0411E+00      1.3597E+00      1.3725E-03      8.1362E+01      9.8919E+01      1.0000E+00
      8.1138E-04      1.2639E+00      1.1831E+00      1.4959E+00      4.8964E-04      7.6026E+01      1.2221E+02      1.0000E+00
      1.3202E-03      1.2168E+00      1.0620E+00      1.4103E+00      1.1146E-03      8.0828E+01      9.9733E+01      1.0000E+00
      1.3109E-03      1.2214E+00      1.0630E+00      1.4163E+00      1.1045E-03      8.0038E+01      9.9227E+01      1.0000E+00
      7.7590E-04      1.3287E+00      1.1665E+00      1.6372E+00      4.6924E-04      7.3645E+01      1.2041E+02      1.0000E+00
      7.3893E-04      1.2659E+00      1.1516E+00      1.5268E+00      4.4844E-04      7.3536E+01      1.1958E+02      1.0000E+00
      1.2138E-03      1.1166E+00      1.0262E+00      1.2158E+00      1.0564E-03      7.7555E+01      9.8438E+01      1.0000E+00
      1.4167E-03      1.0908E+00      1.0123E+00      1.1522E+00      1.3763E-03      8.5773E+01      9.4193E+01      1.0000E+00
      1.3522E-03      1.1695E+00      1.1191E+00      1.4816E+00      1.1645E-03      7.4671E+01      1.0552E+02      1.0000E+00
      1.8350E-03      1.2213E+00      1.0768E+00      1.3138E+00      1.6072E-03      7.1202E+01      1.0741E+02      1.0000E+00
      1.6369E-03      1.0830E+00      1.0112E+00      1.1590E+00      1.5655E-03      8.5319E+01      9.2824E+01      1.0000E+00
      1.4007E-03      1.0508E+00      1.0100E+00      1.1414E+00      1.3201E-03      8.6483E+01      9.4886E+01      1.0000E+00
      9.7877E-04      1.1532E+00      1.1281E+00      1.2646E+00      7.3971E-04      7.4466E+01      1.1736E+02      1.0000E+00
      1.3882E-03      1.6943E+00      1.3276E+00      1.9929E+00      8.6554E-04      5.8762E+01      1.2490E+02      1.0000E+00
      3.2498E-03      1.2062E+00      1.0975E+00      1.4979E+00      2.5370E-03      8.2070E+01      1.0919E+02      1.0000E+00
      4.4584E-03      1.1209E+00      1.0231E+00      1.2342E+00      4.0780E-03      8.6144E+01      9.6168E+01      1.0000E+00
      5.3389E-03      1.0528E+00      1.0056E+00      1.1115E+00      5.1551E-03      8.8483E+01      9.2403E+01      1.0000E+00
      5.6122E-03      1.0316E+00      1.0027E+00      1.0738E+00      5.5295E-03      8.8709E+01      9.1007E+01      1.0000E+00
      5.5746E-03      1.0356E+00      1.0066E+00      1.0983E+00      5.3475E-03      8.6303E+01      9.4609E+01      1.0000E+00
      5.3752E-03      1.1455E+00      1.0759E+00      1.3043E+00      4.4204E-03      7.4574E+01      1.0996E+02      1.0000E+00
      2.5129E-03      1.5439E+00      1.2967E+00      2.1442E+00      1.3950E-03      6.3523E+01      1.2482E+02      1.0000E+00
      1.4381E-03      1.1887E+00      1.0687E+00      1.2934E+00      1.1263E-03      7.8382E+01      1.1064E+02      1.0000E+00
      1.6556E-03      1.0510E+00      1.0048E+00      1.0852E+00      1.5851E-03      8.6920E+01      9.4612E+01      1.0000E+00
      1.5422E-03      1.0299E+00      1.0038E+00      1.0888E+00      1.4536E-03      8.7060E+01      9.3563E+01      1.0000E+00
      1.4268E-03      1.1498E+00      1.0712E+00      1.3131E+00      1.1686E-03      7.5231E+01      1.0935E+02      1.0000E+00
      6.5987E-04      1.5437E+00      1.3039E+00      2.1516E+00      3.6858E-04      6.2947E+01      1.2486E+02      1.0000E+00
      3.7499E-04      1.1877E+00      1.0681E+00      1.2928E+00      2.9407E-04      7.8456E+01      1.1056E+02      1.0000E+00
      4.3509E-04      1.0509E+00      1.0052E+00      1.0894E+00      4.1974E-04      8.6788E+01      9.4576E+01      1.0000E+00
      4.1390E-04      1.0148E+00      1.0016E+00      1.0296E+00      4.0395E-04      8.6740E+01      9.1931E+01      1.0000E+00
      3.9499E-04      1.0087E+00      1.0003E+00      1.0160E+00      3.9068E-04      8.8587E+01      9.1070E+01      1.0000E+00
      3.8767E-04      1.0024E+00      1.0000E+00      1.0047E+00      3.8595E-04      8.9586E+01      9.0163E+01      1.0000E+00
      3.8484E-04      1.0018E+00      1.0000E+00      1.0037E+00      3.8363E-04      8.9844E+01      9.0305E+01      1.0000E+00
      3.8247E-04      1.0018E+00      1.0000E+00      1.0041E+00      3.8150E-04      8.9695E+01      9.0361E+01      1.0000E+00
      3.8003E-04      1.0024E+00      1.0000E+00      1.0059E+00      3.7878E-04      8.9639E+01      9.0239E+01      1.0000E+00
      3.7835E-04      1.0044E+00      1.0000E+00      1.0076E+00      3.7720E-04      8.9761E+01      9.0129E+01      1.0000E+00
      3.7835E-04      1.0044E+00      1.0000E+00      1.0076E+00      3.7720E-04      8.9761E+01      9.0129E+01      1.0000E+00
      3.8003E-04      1.0024E+00      1.0000E+00      1.0059E+00      3.7878E-04      8.9639E+01      9.0239E+01      1.0000E+00
      3.8247E-04      1.0018E+00      1.0000E+00      1.0041E+00      3.8150E-04      8.9695E+01      9.0361E+01      1.0000E+00
      3.8484E-04      1.0018E+00      1.0000E+00      1.0037E+00      3.8363E-04      8.9845E+01      9.0305E+01      1.0000E+00
      3.8768E-04      1.0024E+00      1.0000E+00      1.0047E+00      3.8595E-04      8.9585E+01      9.0163E+01      1.0000E+00
      3.9500E-04      1.0088E+00      1.0003E+00      1.0161E+00      3.9069E-04      8.8584E+01      9.1072E+01      1.0000E+00
      4.1395E-04      1.0148E+00      1.0016E+00      1.0295E+00      4.0397E-04      8.6733E+01      9.1936E+01      1.0000E+00
      4.3517E-04      1.0508E+00      1.0052E+00      1.0891E+00      4.1984E-04      8.6780E+01      9.4579E+01      1.0000E+00
      3.7508E-04      1.1875E+00      1.0681E+00      1.2925E+00      2.9416E-04      7.8463E+01      1.1055E+02      1.0000E+00
      6.6038E-04      1.5443E+00      1.3047E+00      2.1525E+00      3.6881E-04      6.2893E+01      1.2489E+02      1.0000E+00
      1.4280E-03      1.1492E+00      1.0712E+00      1.3131E+00      1.1696E-03      7.5261E+01      1.0932E+02      1.0000E+00
      1.5435E-03      1.0297E+00      1.0039E+00      1.0891E+00      1.4549E-03      8.7057E+01      9.3553E+01      1.0000E+00
      1.6569E-03      1.0505E+00      1.0047E+00      1.0844E+00      1.5863E-03      8.6926E+01      9.4611E+01      1.0000E+00
      1.4391E-03      1.1882E+00      1.0687E+00      1.2926E+00      1.1270E-03      7.8390E+01      1.1065E+02      1.0000E+00
      2.5152E-03      1.5447E+00      1.2974E+00      2.1447E+00      1.3961E-03      6.3467E+01      1.2486E+02      1.0000E+00
      5.3782E-03      1.1451E+00      1.0759E+00      1.3042E+00      4.4247E-03      7.4565E+01      1.0994E+02      1.0000E+00
      5.5757E-03      1.0356E+00      1.0066E+00      1.0984E+00      5.3493E-03      8.6290E+01      9.4607E+01      1.0000E+00
      5.6124E-03      1.0316E+00      1.0027E+00      1.0739E+00      5.5296E-03      8.8705E+01      9.1007E+01      1.0000E+00
      5.3389E-03      1.0529E+00      1.0056E+00      1.1115E+00      5.1550E-03      8.8482E+01      9.2403E+01      1.0000E+00
      4.4583E-03      1.1209E+00      1.0231E+00      1.2342E+00      4.0779E-03      8.6143E+01      9.6168E+01      1.0000E+00
      3.2497E-03      1.2062E+00      1.0975E+00      1.4978E+00      2.5370E-03      8.2069E+01      1.0919E+02      1.0000E+00
      1.3882E-03      1.6943E+00      1.3276E+00      1.9929E+00      8.6554E-04      5.8763E+01      1.2489E+02      1.0000E+00
      9.7877E-04      1.1532E+00      1.1281E+00      1.2646E+00      7.3969E-04      7.4466E+01      1.1736E+02      1.0000E+00
      1.4008E-03      1.0507E+00      1.0100E+00      1.1414E+00      1.3200E-03      8.6481E+01      9.4893E+01      1.0000E+00
      1.6374E-03      1.0828E+00      1.0112E+00      1.1588E+00      1.5653E-03      8.5300E+01      9.2816E+01      1.0000E+00
      1.8374E-03      1.2204E+00      1.0764E+00      1.3130E+00      1.6074E-03      7.1187E+01      1.0734E+02      1.0000E+00
      1.3584E-03      1.1695E+00      1.1201E+00      1.4850E+00      1.1671E-03      7.4940E+01      1.0554E+02      1.0000E+00
      1.4372E-03      1.0907E+00      1.0132E+00      1.1563E+00      1.4039E-03      8.5836E+01      9.4282E+01      1.0000E+00
      1.2659E-03      1.1155E+00      1.0281E+00      1.1814E+00      1.1342E-03      7.7467E+01      9.9948E+01      1.0000E+00
      7.9580E-04      1.2135E+00      1.0829E+00      1.4448E+00      5.2030E-04      7.2026E+01      1.1248E+02      1.0000E+00
      8.9371E-04      1.3012E+00      1.2431E+00      1.6144E+00      6.1238E-04      6.4414E+01      1.2294E+02      1.0000E+00
      8.8517E-04      1.2989E+00      1.1846E+00      1.5632E+00      6.0919E-04      6.7987E+01      1.2060E+02      1.0000E+00
      8.9167E-04      1.2987E+00      1.1925E+00      1.5673E+00      6.1319E-04      6.7457E+01      1.2103E+02      1.0000E+00
      9.1174E-04      1.2888E+00      1.2301E+00      1.6080E+00      6.2733E-04      6.5424E+01      1.2199E+02      1.0000E+00
      8.3137E-04      1.2297E+00      1.0880E+00      1.4860E+00      5.4185E-04      7.2245E+01      1.1293E+02      1.0000E+00
      1.3691E-03      1.0900E+00      1.0262E+00      1.1896E+00      1.2129E-03      7.7115E+01      9.9278E+01      1.0000E+00
      1.6547E-03      1.0362E+00      1.0085E+00      1.0795E+00      1.5630E-03      8.2555E+01      9.4971E+01      1.0000E+00
      1.6952E-03      1.0349E+00      1.0030E+00      1.0769E+00      1.6000E-03      8.7756E+01      9.4181E+01      1.0000E+00
      1.4756E-03      1.0653E+00      1.0136E+00      1.1697E+00      1.3090E-03      8.2438E+01      9.5252E+01      1.0000E+00
      9.4636E-04      1.2214E+00      1.1233E+00      1.4118E+00      6.2933E-04      7.8168E+01      1.1705E+02      1.0000E+00
      1.1000E-03      1.3629E+00      1.1938E+00      1.6767E+00      7.4381E-04      6.5955E+01      1.2065E+02      1.0000E+00
      1.4092E-03      1.1796E+00      1.0425E+00      1.3231E+00      1.0863E-03      7.4045E+01      1.0069E+02      1.0000E+00
      7.3293E-04      1.2495E+00      1.1262E+00      1.5469E+00      4.5028E-04      7.1800E+01      1.1691E+02      1.0000E+00
      7.3698E-04      1.2289E+00      1.1760E+00      1.5231E+00      4.5270E-04      7.6353E+01      1.2088E+02      1.0000E+00
      1.3968E-03      1.2060E+00      1.0764E+00      1.3597E+00      1.0615E-03      6.8534E+01      1.0010E+02      1.0000E+00
      9.8764E-04      1.4695E+00      1.2408E+00      1.7488E+00      6.0459E-04      6.4565E+01      1.2552E+02      1.0000E+00
      8.5338E-04      1.2837E+00      1.2351E+00      1.4779E+00      5.0824E-04      7.4826E+01      1.2591E+02      1.0000E+00
      1.3575E-03      1.2161E+00      1.0521E+00      1.3250E+00      1.2221E-03      7.9568E+01      1.0025E+02      1.0000E+00
      1.4158E-03      1.2089E+00      1.1873E+00      1.6446E+00      1.1401E-03      7.4787E+01      1.0845E+02      1.0000E+00
      1.9646E-03      1.2913E+00      1.1043E+00      1.4719E+00      1.6096E-03      6.8456E+01      1.0704E+02      1.0000E+00
      1.9599E-03      1.1727E+00      1.0482E+00      1.3535E+00      1.7234E-03      8.5113E+01      9.9227E+01      1.0000E+00
      2.6002E-03      1.0932E+00      1.0380E+00      1.2982E+00      2.3267E-03      8.4186E+01      9.4887E+01      1.0000E+00
      3.6513E-03      1.1243E+00      1.0343E+00      1.2980E+00      3.3863E-03      8.6679E+01      9.5814E+01      1.0000E+00
      4.2902E-03      1.1430E+00      1.0319E+00      1.2829E+00      4.1611E-03      8.7842E+01      9.3321E+01      1.0000E+00
      4.4485E-03      1.1344E+00      1.0279E+00      1.2653E+00      4.4187E-03      8.9303E+01      9.0831E+01      1.0000E+00
      4.4146E-03      1.1341E+00      1.0290E+00      1.2716E+00      4.3701E-03      8.9373E+01      9.0510E+01      1.0000E+00
      4.1562E-03      1.1395E+00      1.0336E+00      1.2950E+00      4.0175E-03      8.8515E+01      9.2172E+01      1.0000E+00
      3.4243E-03      1.1221E+00      1.0384E+00      1.3140E+00      3.1762E-03      8.6263E+01      9.3517E+01      1.0000E+00
      2.3618E-03      1.0824E+00      1.0337E+00      1.2706E+00      2.1253E-03      8.4185E+01      9.6709E+01      1.0000E+00
      1.7033E-03      1.0812E+00      1.0163E+00      1.1975E+00      1.5730E-03      8.7221E+01      9.5857E+01      1.0000E+00
      1.4736E-03      1.0452E+00      1.0047E+00      1.0997E+00      1.4571E-03      8.8497E+01      9.1666E+01      1.0000E+00
      1.3323E-03      1.0422E+00      1.0029E+00      1.0797E+00      1.2800E-03      8.7498E+01      9.2029E+01      1.0000E+00
      1.0809E-03      1.0727E+00      1.0089E+00      1.1373E+00      9.8212E-04      8.6075E+01      9.6601E+01      1.0000E+00
      7.7521E-04      1.1610E+00      1.0957E+00      1.3952E+00      5.9716E-04      7.9475E+01      1.1134E+02      1.0000E+00
      3.1960E-04      1.6590E+00      1.2820E+00      2.0793E+00      1.9661E-04      6.0886E+01      1.2222E+02      1.0000E+00
      2.1548E-04      1.2014E+00      1.1498E+00      1.2767E+00      1.6380E-04      7.1763E+01      1.1951E+02      1.0000E+00
      3.0163E-04      1.0888E+00      1.0263E+00      1.2105E+00      2.8577E-04      8.1891E+01      9.7135E+01      1.0000E+00
      3.2771E-04      1.0698E+00      1.0105E+00      1.1330E+00      3.2365E-04      8.4954E+01      9.4484E+01      1.0000E+00
      3.2589E-04      1.0724E+00      1.0116E+00      1.1480E+00      3.1975E-04      8.5516E+01      9.3635E+01      1.0000E+00
      3.1880E-04      1.0915E+00      1.0140E+00      1.1782E+00      3.1147E-04      8.6365E+01      9.2724E+01      1.0000E+00
      3.1842E-04      1.0956E+00      1.0145E+00      1.1816E+00      3.1536E-04      8.8190E+01      9.1849E+01      1.0000E+00
      3.2202E-04      1.0909E+00      1.0142E+00      1.1826E+00      3.2009E-04      8.9424E+01      9.0886E+01      1.0000E+00
      3.2438E-04      1.0874E+00      1.0132E+00      1.1758E+00      3.2370E-04      8.9743E+01      9.0344E+01      1.0000E+00
      3.2492E-04      1.0866E+00      1.0127E+00      1.1727E+00      3.2457E-04      8.9886E+01      9.0135E+01      1.0000E+00
      3.2492E-04      1.0866E+00      1.0127E+00      1.1727E+00      3.2457E-04      8.9886E+01      9.0135E+01      1.0000E+00
      3.2438E-04      1.0874E+00      1.0132E+00      1.1758E+00      3.2370E-04      8.9743E+01      9.0344E+01      1.0000E+00
      3.2202E-04      1.0909E+00      1.0142E+00      1.1826E+00      3.2009E-04      8.9425E+01      9.0886E+01      1.0000E+00
      3.1842E-04      1.0956E+00      1.0145E+00      1.1816E+00      3.1536E-04      8.8191E+01      9.1849E+01      1.0000E+00
      3.1881E-04      1.0915E+00      1.0140E+00      1.1782E+00      3.1147E-04      8.6365E+01      9.2724E+01      1.0000E+00
      3.2590E-04      1.0724E+00      1.0116E+00      1.1480E+00      3.1975E-04      8.5516E+01      9.3635E+01      1.0000E+00
      3.2772E-04      1.0698E+00      1.0105E+00      1.1329E+00      3.2365E-04      8.4955E+01      9.4484E+01      1.0000E+00
      3.0164E-04      1.0888E+00      1.0262E+00      1.2105E+00      2.8578E-04      8.1892E+01      9.7134E+01      1.0000E+00
      2.1549E-04      1.2014E+00      1.1498E+00      1.2767E+00      1.6381E-04      7.1764E+01      1.1951E+02      1.0000E+00
      3.1965E-04      1.6591E+00      1.2821E+00      2.0795E+00      1.9665E-04      6.0874E+01      1.2222E+02      1.0000E+00
      7.7542E-04      1.1612E+00      1.0957E+00      1.3956E+00      5.9726E-04      7.9490E+01      1.1133E+02      1.0000E+00
      1.0812E-03      1.0729E+00      1.0090E+00      1.1377E+00      9.8242E-04      8.6067E+01      9.6596E+01      1.0000E+00
      1.3327E-03      1.0420E+00      1.0029E+00      1.0793E+00      1.2804E-03      8.7498E+01      9.2025E+01      1.0000E+00
      1.4740E-03      1.0450E+00      1.0047E+00      1.0993E+00      1.4575E-03      8.8499E+01      9.1665E+01      1.0000E+00
      1.7037E-03      1.0811E+00      1.0163E+00      1.1972E+00      1.5733E-03      8.7218E+01      9.5860E+01      1.0000E+00
      2.3624E-03      1.0823E+00      1.0337E+00      1.2703E+00      2.1259E-03      8.4181E+01      9.6712E+01      1.0000E+00
      3.4250E-03      1.1220E+00      1.0383E+00      1.3136E+00      3.1771E-03      8.6267E+01      9.3516E+01      1.0000E+00
      4.1567E-03      1.1394E+00      1.0336E+00      1.2948E+00      4.0182E-03      8.8520E+01      9.2172E+01      1.0000E+00
      4.4148E-03      1.1340E+00      1.0290E+00      1.2715E+00      4.3703E-03      8.9375E+01      9.0510E+01      1.0000E+00
      4.4485E-03      1.1344E+00      1.0279E+00      1.2654E+00      4.4187E-03      8.9304E+01      9.0832E+01      1.0000E+00
      4.2902E-03      1.1430E+00      1.0319E+00      1.2830E+00      4.1610E-03      8.7842E+01      9.3323E+01      1.0000E+00
      3.6512E-03      1.1243E+00      1.0343E+00      1.2980E+00      3.3862E-03      8.6677E+01      9.5817E+01      1.0000E+00
      2.6001E-03      1.0932E+00      1.0380E+00      1.2983E+00      2.3266E-03      8.4183E+01      9.4889E+01      1.0000E+00
      1.9599E-03      1.1727E+00      1.0482E+00      1.3535E+00      1.7235E-03      8.5111E+01      9.9222E+01      1.0000E+00
      1.9647E-03      1.2912E+00      1.1042E+00      1.4719E+00      1.6097E-03      6.8464E+01      1.0703E+02      1.0000E+00
      1.4160E-03      1.2088E+00      1.1873E+00      1.6446E+00      1.1402E-03      7.4798E+01      1.0844E+02      1.0000E+00
      1.3576E-03      1.2162E+00      1.0521E+00      1.3252E+00      1.2222E-03      7.9574E+01      1.0025E+02      1.0000E+00
      8.5340E-04      1.2838E+00      1.2351E+00      1.4782E+00      5.0820E-04      7.4827E+01      1.2591E+02      1.0000E+00
      9.8774E-04      1.4695E+00      1.2409E+00      1.7488E+00      6.0469E-04      6.4557E+01      1.2552E+02      1.0000E+00
      1.3969E-03      1.2060E+00      1.0763E+00      1.3596E+00      1.0616E-03      6.8542E+01      1.0009E+02      1.0000E+00
      7.3699E-04      1.2290E+00      1.1760E+00      1.5231E+00      4.5269E-04      7.6347E+01      1.2088E+02      1.0000E+00
      7.3301E-04      1.2495E+00      1.1263E+00      1.5468E+00      4.5038E-04      7.1812E+01      1.1691E+02      1.0000E+00
      1.4095E-03      1.1796E+00      1.0426E+00      1.3232E+00      1.0863E-03      7.4019E+01      1.0067E+02      1.0000E+00
      1.0999E-03      1.3630E+00      1.1936E+00      1.6769E+00      7.4362E-04      6.5971E+01      1.2064E+02      1.0000E+00
      9.4628E-04      1.2214E+00      1.1232E+00      1.4119E+00      6.2973E-04      7.8210E+01      1.1703E+02      1.0000E+00
      1.4743E-03      1.0657E+00      1.0137E+00      1.1703E+00      1.3095E-03      8.2520E+01      9.5204E+01      1.0000E+00
      1.6887E-03      1.0368E+00      1.0027E+00      1.0760E+00      1.5984E-03      8.7871E+01      9.3998E+01      1.0000E+00
      1.6324E-03      1.0380E+00      1.0088E+00      1.0770E+00      1.5301E-03      8.2441E+01      9.4388E+01      1.0000E+00
      1.3143E-03      1.0914E+00      1.0282E+00      1.2241E+00      1.1316E-03      7.7161E+01      9.7800E+01      1.0000E+00
      7.7267E-04      1.2827E+00      1.1585E+00      1.5680E+00      4.6784E-04      7.3723E+01      1.1996E+02      1.0000E+00
      7.9257E-04      1.3217E+00      1.1549E+00      1.6342E+00      4.8197E-04      7.3067E+01      1.1941E+02      1.0000E+00
      6.9885E-04      1.6156E+00      1.9750E+00      3.7591E+00      2.8465E-04      5.9760E+01      1.2251E+02      1.0000E+00
      3.7804E-04      1.7169E+00      1.6603E+00      2.9546E+00      1.8967E-04      5.0748E+01      1.0739E+02      1.0000E+00
      4.0401E-04      2.0818E+00      1.9325E+00      3.5459E+00      1.9097E-04      3.9976E+01      1.1939E+02      1.0000E+00
      8.2911E-04      1.3736E+00      1.9069E+00      3.2621E+00      3.8428E-04      6.7543E+01      1.1367E+02      1.0000E+00
      3.8974E-04      2.0944E+00      2.2255E+00      4.1267E+00      1.8143E-04      4.2441E+01      1.1533E+02      1.0000E+00
      4.1181E-04      2.1328E+00      2.1587E+00      4.0453E+00      1.9030E-04      4.1747E+01      1.1726E+02      1.0000E+00
      8.3427E-04      1.4465E+00      2.3073E+00      4.0769E+00      3.3684E-04      6.7040E+01      1.1119E+02      1.0000E+00
      4.2951E-04      2.2072E+00      2.0712E+00      3.8403E+00      1.9747E-04      3.7543E+01      1.2234E+02      1.0000E+00
      3.9103E-04      1.7108E+00      1.6830E+00      3.0087E+00      1.9644E-04      5.1871E+01      1.0790E+02      1.0000E+00
      7.1116E-04      1.6233E+00      1.9617E+00      3.7775E+00      2.8681E-04      6.0204E+01      1.2252E+02      1.0000E+00
      3.4456E-04      1.8936E+00      1.5945E+00      2.8363E+00      1.8568E-04      4.6501E+01      1.1795E+02      1.0000E+00
      3.4320E-04      1.8999E+00      1.5977E+00      2.8434E+00      1.8534E-04      4.6414E+01      1.1824E+02      1.0000E+00
      7.9448E-04      1.4067E+00      2.1529E+00      3.7958E+00      3.2852E-04      6.7374E+01      1.1252E+02      1.0000E+00
      4.0527E-04      2.0863E+00      1.9270E+00      3.5387E+00      1.9168E-04      3.9926E+01      1.1966E+02      1.0000E+00
      3.7924E-04      1.7017E+00      1.6277E+00      2.8863E+00      1.9302E-04      5.1378E+01      1.0751E+02      1.0000E+00
      6.9647E-04      1.6138E+00      1.8183E+00      3.5704E+00      2.9746E-04      6.1229E+01      1.2058E+02      1.0000E+00
      3.5073E-04      1.8137E+00      1.4630E+00      2.5246E+00      2.0076E-04      4.6234E+01      1.2003E+02      1.0000E+00
      3.7648E-04      1.8346E+00      1.4619E+00      2.4206E+00      2.0011E-04      5.1981E+01      1.1734E+02      1.0000E+00
      6.6199E-04      1.6891E+00      3.0535E+00      4.8750E+00      1.8656E-04      5.5386E+01      1.3582E+02      1.0000E+00
      3.7252E-04      1.7821E+00      1.8734E+00      3.3736E+00      1.8101E-04      4.9475E+01      1.0449E+02      1.0000E+00
      4.2060E-04      2.2502E+00      2.1731E+00      4.0633E+00      1.8876E-04      3.7345E+01      1.2214E+02      1.0000E+00
      8.3823E-04      1.4475E+00      2.2901E+00      4.0401E+00      3.4123E-04      6.6806E+01      1.1090E+02      1.0000E+00
      4.1984E-04      2.1012E+00      2.0769E+00      3.8616E+00      1.9942E-04      4.1792E+01      1.1766E+02      1.0000E+00
      4.0980E-04      2.0227E+00      2.0016E+00      3.7135E+00      1.9857E-04      4.4414E+01      1.1490E+02      1.0000E+00
      4.9785E-04      1.2736E+00      1.2588E+00      1.4999E+00      4.0619E-04      5.8040E+01      1.2061E+02      1.0000E+00
      4.9608E-04      1.2671E+00      1.1739E+00      1.6518E+00      3.0473E-04      7.4887E+01      1.1921E+02      1.0000E+00
      1.9647E-04      1.2513E+00      1.1836E+00      1.7717E+00      1.2744E-04      6.7602E+01      1.0623E+02      1.0000E+00
      1.8099E-04      1.1725E+00      1.2193E+00      1.5878E+00      1.3558E-04      6.8738E+01      1.1459E+02      1.0000E+00
      1.7909E-04      1.1617E+00      1.1517E+00      1.4443E+00      1.4580E-04      6.7226E+01      1.1205E+02      1.0000E+00
      1.9499E-04      1.3153E+00      1.1407E+00      1.7068E+00      1.3912E-04      6.6240E+01      1.1026E+02      1.0000E+00
      2.6017E-04      1.2812E+00      1.0928E+00      1.4920E+00      1.8433E-04      6.7216E+01      1.0160E+02      1.0000E+00
      1.4898E-04      1.1581E+00      1.1063E+00      1.4018E+00      1.0944E-04      7.9065E+01      1.1318E+02      1.0000E+00
      1.8828E-04      1.4062E+00      1.1907E+00      1.8803E+00      1.3020E-04      6.4535E+01      1.1576E+02      1.0000E+00
      3.1512E-04      1.2181E+00      1.0676E+00      1.4378E+00      2.5178E-04      7.1329E+01      1.0587E+02      1.0000E+00
      2.8596E-04      1.0834E+00      1.0094E+00      1.1377E+00      2.6151E-04      8.5825E+01      9.5794E+01      1.0000E+00
      2.7861E-04      1.0779E+00      1.0093E+00      1.1412E+00      2.6836E-04      8.8091E+01      9.3058E+01      1.0000E+00
      2.7861E-04      1.0779E+00      1.0093E+00      1.1412E+00      2.6836E-04      8.8091E+01      9.3058E+01      1.0000E+00
      2.8597E-04      1.0834E+00      1.0094E+00      1.1377E+00      2.6151E-04      8.5825E+01      9.5794E+01      1.0000E+00
      3.1513E-04      1.2181E+00      1.0676E+00      1.4378E+00      2.5179E-04      7.1328E+01      1.0588E+02      1.0000E+00
      1.8829E-04      1.4061E+00      1.1907E+00      1.8803E+00      1.3021E-04      6.4539E+01      1.1575E+02      1.0000E+00
      1.4900E-04      1.1582E+00      1.1063E+00      1.4022E+00      1.0947E-04      7.9072E+01      1.1318E+02      1.0000E+00
      2.6025E-04      1.2819E+00      1.0930E+00      1.4932E+00      1.8440E-04      6.7209E+01      1.0160E+02      1.0000E+00
      1.9516E-04      1.3141E+00      1.1407E+00      1.7074E+00      1.3918E-04      6.6297E+01      1.1017E+02      1.0000E+00
      1.7942E-04      1.1620E+00      1.1525E+00      1.4468E+00      1.4610E-04      6.7258E+01      1.1195E+02      1.0000E+00
      1.8167E-04      1.1764E+00      1.2221E+00      1.6017E+00      1.3600E-04      6.8930E+01      1.1439E+02      1.0000E+00
      1.9783E-04      1.2629E+00      1.1931E+00      1.7995E+00      1.2841E-04      6.7389E+01      1.0579E+02      1.0000E+00
      5.0153E-04      1.2793E+00      1.1849E+00      1.6820E+00      3.0936E-04      7.5681E+01      1.1955E+02      1.0000E+00
      5.1164E-04      1.3020E+00      1.2864E+00      1.5655E+00      4.1856E-04      5.8164E+01      1.2104E+02      1.0000E+00
      5.7384E-04      1.4093E+00      1.1744E+00      1.8390E+00      3.9676E-04      6.3589E+01      1.1469E+02      1.0000E+00
      1.7980E-03      1.4687E+00      1.2466E+00      1.9461E+00      8.0507E-04      5.9236E+01      1.2649E+02      1.0000E+00
      1.1810E-03      1.9813E+00      1.6845E+00      2.9027E+00      5.7925E-04      3.7864E+01      1.2113E+02      1.0000E+00
      8.2079E-04      1.2463E+00      1.1296E+00      1.5693E+00      6.3187E-04      6.6945E+01      1.0241E+02      1.0000E+00
      6.0049E-04      1.4871E+00      1.2086E+00      1.8341E+00      3.8213E-04      5.8364E+01      1.1294E+02      1.0000E+00
      4.5959E-04      1.2035E+00      1.1144E+00      1.3171E+00      3.7701E-04      6.3921E+01      1.0947E+02      1.0000E+00
      3.2584E-04      1.4445E+00      1.2088E+00      1.8947E+00      2.1485E-04      5.9860E+01      1.1580E+02      1.0000E+00
      1.9197E-04      1.0833E+00      1.0255E+00      1.1521E+00      1.6774E-04      8.4010E+01      1.0274E+02      1.0000E+00
      1.7936E-04      1.1337E+00      1.0649E+00      1.1786E+00      1.5850E-04      7.4998E+01      1.0993E+02      1.0000E+00
      2.5749E-04      1.5592E+00      1.2299E+00      1.8117E+00      1.6826E-04      5.9851E+01      1.1366E+02      1.0000E+00
      3.4619E-04      1.3305E+00      1.2092E+00      1.7760E+00      2.2550E-04      5.9030E+01      1.0472E+02      1.0000E+00
      1.8098E-04      1.2875E+00      1.1502E+00      1.4639E+00      1.3149E-04      6.8658E+01      1.1890E+02      1.0000E+00
      2.0887E-04      1.4216E+00      1.1602E+00      1.7244E+00      1.5091E-04      6.3942E+01      1.1466E+02      1.0000E+00
      2.7936E-04      1.2537E+00      1.1284E+00      1.4678E+00      1.9786E-04      6.2439E+01      1.0278E+02      1.0000E+00
      1.5517E-04      1.1730E+00      1.1639E+00      1.3393E+00      1.1233E-04      7.2385E+01      1.1994E+02      1.0000E+00
      1.8743E-04      1.5183E+00      1.1967E+00      1.8735E+00      1.2625E-04      6.2788E+01      1.1471E+02      1.0000E+00
      3.3042E-04      1.1667E+00      1.1146E+00      1.4623E+00      2.6683E-04      7.0759E+01      1.0851E+02      1.0000E+00
      3.0940E-04      1.0649E+00      1.0203E+00      1.2025E+00      2.8551E-04      8.4648E+01      9.4554E+01      1.0000E+00
      3.0940E-04      1.0649E+00      1.0203E+00      1.2025E+00      2.8552E-04      8.4648E+01      9.4554E+01      1.0000E+00
      3.3042E-04      1.1667E+00      1.1146E+00      1.4623E+00      2.6683E-04      7.0759E+01      1.0851E+02      1.0000E+00
      1.8743E-04      1.5183E+00      1.1967E+00      1.8735E+00      1.2625E-04      6.2789E+01      1.1471E+02      1.0000E+00
      1.5517E-04      1.1730E+00      1.1639E+00      1.3393E+00      1.1233E-04      7.2386E+01      1.1994E+02      1.0000E+00
      2.7937E-04      1.2538E+00      1.1284E+00      1.4678E+00      1.9786E-04      6.2438E+01      1.0278E+02      1.0000E+00
      2.0888E-04      1.4215E+00      1.1601E+00      1.7244E+00      1.5092E-04      6.3948E+01      1.1465E+02      1.0000E+00
      1.8101E-04      1.2871E+00      1.1501E+00      1.4637E+00      1.3154E-04      6.8668E+01      1.1888E+02      1.0000E+00
      3.4630E-04      1.3296E+00      1.2089E+00      1.7743E+00      2.2557E-04      5.9021E+01      1.0478E+02      1.0000E+00
      2.5772E-04      1.5574E+00      1.2283E+00      1.8085E+00      1.6829E-04      5.9943E+01      1.1352E+02      1.0000E+00
      1.7975E-04      1.1304E+00      1.0644E+00      1.1713E+00      1.5913E-04      7.4960E+01      1.0990E+02      1.0000E+00
      1.9273E-04      1.0790E+00      1.0250E+00      1.1429E+00      1.6832E-04      8.4154E+01      1.0265E+02      1.0000E+00
      3.2836E-04      1.4303E+00      1.2084E+00      1.8919E+00      2.1692E-04      6.0366E+01      1.1532E+02      1.0000E+00
      4.6656E-04      1.1890E+00      1.1126E+00      1.3199E+00      3.8323E-04      6.4026E+01      1.0946E+02      1.0000E+00
      6.2049E-04      1.4490E+00      1.1806E+00      1.8381E+00      3.9845E-04      6.0226E+01      1.1175E+02      1.0000E+00
      8.7504E-04      1.2015E+00      1.0944E+00      1.4095E+00      6.9723E-04      6.6207E+01      1.0417E+02      1.0000E+00
      1.3540E-03      1.7476E+00      1.4538E+00      2.2606E+00      7.2153E-04      4.4524E+01      1.1903E+02      1.0000E+00
      1.6144E-03      1.5524E+00      1.3842E+00      2.3363E+00      6.8994E-04      5.2179E+01      1.2129E+02      1.0000E+00
      5.3806E-04      1.4250E+00      1.1412E+00      1.7871E+00      3.8369E-04      6.7370E+01      1.1307E+02      1.0000E+00
      6.7580E-04      1.0627E+00      1.0086E+00      1.1050E+00      6.3865E-04      8.3565E+01      9.6974E+01      1.0000E+00
      6.7547E-04      1.0629E+00      1.0087E+00      1.1051E+00      6.3813E-04      8.3540E+01      9.7024E+01      1.0000E+00
