  
 ------------------------
 2D Mesh Quality Measures
 ------------------------
  
Signed Area     Aspect Ratio    Condition       Edge Ratio      Jacobian        Minimum Angle   Maximum Angle   Area Sign       
      4.1537E-01      1.3617E+00      1.2263E+00      1.6110E+00      2.6909E-01      6.8035E+01      1.2316E+02      1.0000E+00
      5.1643E-01      1.0520E+00      1.0370E+00      1.0662E+00      4.9191E-01      8.7941E+01      9.3404E+01      1.0000E+00
      5.4330E-01      1.0353E+00      1.0289E+00      1.0455E+00      5.3661E-01      8.8572E+01      9.0940E+01      1.0000E+00
      4.9914E-01      1.0425E+00      1.0094E+00      1.1088E+00      4.7092E-01      8.5826E+01      9.5771E+01      1.0000E+00
      3.8993E-01      1.3221E+00      1.2389E+00      1.5792E+00      2.5277E-01      6.6639E+01      1.2485E+02      1.0000E+00
      5.2973E-01      1.2894E+00      1.2298E+00      1.3689E+00      3.4255E-01      7.5493E+01      1.2498E+02      1.0000E+00
      6.3031E-01      1.1688E+00      1.1129E+00      1.1311E+00      5.6504E-01      7.9381E+01      9.6530E+01      1.0000E+00
      5.5113E-01      1.1220E+00      1.1045E+00      1.0733E+00      5.4373E-01      8.8947E+01      9.1283E+01      1.0000E+00
      5.4489E-01      1.0976E+00      1.1063E+00      1.0631E+00      5.4081E-01      8.9340E+01      9.1016E+01      1.0000E+00
      5.3633E-01      1.0518E+00      1.0332E+00      1.0542E+00      5.2748E-01      8.8511E+01      9.1934E+01      1.0000E+00
      5.9256E-01      1.0681E+00      1.0115E+00      1.1326E+00      5.3667E-01      8.1772E+01      9.4466E+01      1.0000E+00
      4.8357E-01      1.2179E+00      1.2564E+00      1.3154E+00      3.1570E-01      7.1516E+01      1.2723E+02      1.0000E+00
      4.1534E-01      1.3617E+00      1.2264E+00      1.6111E+00      2.6906E-01      6.8034E+01      1.2316E+02      1.0000E+00
      6.3029E-01      1.1688E+00      1.1129E+00      1.1311E+00      5.6502E-01      7.9382E+01      9.6530E+01      1.0000E+00
      5.8399E-01      1.0622E+00      1.0794E+00      1.0036E+00      5.7572E-01      8.7829E+01      9.1368E+01      1.0000E+00
      5.7033E-01      1.0709E+00      1.0536E+00      1.0304E+00      5.6353E-01      8.8279E+01      9.1380E+01      1.0000E+00
      5.5948E-01      1.1008E+00      1.0910E+00      1.0241E+00      5.5756E-01      8.9535E+01      9.0626E+01      1.0000E+00
      5.5891E-01      1.0585E+00      1.0627E+00      1.0107E+00      5.5587E-01      8.9641E+01      9.0475E+01      1.0000E+00
      5.5653E-01      1.0468E+00      1.0427E+00      1.0322E+00      5.5286E-01      8.9094E+01      9.1150E+01      1.0000E+00
      5.7822E-01      1.0650E+00      1.0234E+00      1.1485E+00      5.2230E-01      8.3049E+01      9.3900E+01      1.0000E+00
      3.7372E-01      1.3706E+00      1.2641E+00      1.5382E+00      2.4910E-01      6.2887E+01      1.2703E+02      1.0000E+00
      5.1632E-01      1.0520E+00      1.0370E+00      1.0661E+00      4.9182E-01      8.7935E+01      9.3410E+01      1.0000E+00
      5.5103E-01      1.1221E+00      1.1045E+00      1.0734E+00      5.4361E-01      8.8958E+01      9.1276E+01      1.0000E+00
      5.7027E-01      1.0710E+00      1.0537E+00      1.0305E+00      5.6347E-01      8.8290E+01      9.1372E+01      1.0000E+00
      5.6836E-01      1.0238E+00      1.0241E+00      1.0115E+00      5.6525E-01      8.9066E+01      9.0632E+01      1.0000E+00
      5.6546E-01      1.1589E+00      1.1692E+00      1.1087E+00      5.6469E-01      8.9546E+01      9.0381E+01      1.0000E+00
      5.6224E-01      1.2657E+00      1.2102E+00      1.1697E+00      5.6188E-01      8.9546E+01      9.0475E+01      1.0000E+00
      5.5188E-01      1.2832E+00      1.2598E+00      1.1765E+00      5.4909E-01      8.8919E+01      9.0889E+01      1.0000E+00
      5.1060E-01      1.1801E+00      1.1575E+00      1.1534E+00      5.0086E-01      8.6190E+01      9.4085E+01      1.0000E+00
      4.5167E-01      1.1041E+00      1.0404E+00      1.1763E+00      4.3263E-01      8.3079E+01      9.8849E+01      1.0000E+00
      5.4293E-01      1.0353E+00      1.0289E+00      1.0456E+00      5.3613E-01      8.8592E+01      9.0899E+01      1.0000E+00
      5.4453E-01      1.0976E+00      1.1063E+00      1.0633E+00      5.4034E-01      8.9394E+01      9.0980E+01      1.0000E+00
      5.5920E-01      1.1010E+00      1.0912E+00      1.0244E+00      5.5717E-01      8.9588E+01      9.0580E+01      1.0000E+00
      5.6533E-01      1.1586E+00      1.1691E+00      1.1085E+00      5.6456E-01      8.9601E+01      9.0316E+01      1.0000E+00
      5.6619E-01      1.2750E+00      1.3740E+00      1.1706E+00      5.6595E-01      8.9627E+01      9.0341E+01      1.0000E+00
      5.6486E-01      1.4176E+00      1.3141E+00      1.2727E+00      5.6341E-01      8.9293E+01      9.0647E+01      1.0000E+00
      5.5732E-01      1.4932E+00      1.5273E+00      1.2227E+00      5.5088E-01      8.8179E+01      9.2159E+01      1.0000E+00
      5.1659E-01      1.3417E+00      1.3683E+00      1.1881E+00      4.9920E-01      8.6871E+01      9.4629E+01      1.0000E+00
      4.4670E-01      1.1250E+00      1.0830E+00      1.0995E+00      4.2559E-01      8.2901E+01      9.5750E+01      1.0000E+00
      4.9809E-01      1.0425E+00      1.0095E+00      1.1097E+00      4.6966E-01      8.5882E+01      9.5700E+01      1.0000E+00
      5.3511E-01      1.0519E+00      1.0333E+00      1.0553E+00      5.2586E-01      8.8712E+01      9.1815E+01      1.0000E+00
      5.5786E-01      1.0591E+00      1.0631E+00      1.0113E+00      5.5526E-01      8.9715E+01      9.0222E+01      1.0000E+00
      5.6172E-01      1.2635E+00      1.2088E+00      1.1672E+00      5.6137E-01      8.9763E+01      9.0223E+01      1.0000E+00
      5.6489E-01      1.4190E+00      1.3153E+00      1.2734E+00      5.6326E-01      8.9439E+01      9.0484E+01      1.0000E+00
      5.6606E-01      1.0164E+00      1.0175E+00      1.0094E+00      5.6473E-01      8.9009E+01      9.0890E+01      1.0000E+00
      5.6763E-01      1.3711E+00      1.2679E+00      1.2254E+00      5.6323E-01      8.8257E+01      9.1503E+01      1.0000E+00
      6.1285E-01      1.5147E+00      1.3112E+00      1.3909E+00      5.3782E-01      7.8402E+01      9.8651E+01      1.0000E+00
      3.8069E-01      1.4158E+00      1.2303E+00      1.7179E+00      2.4873E-01      6.8779E+01      1.1902E+02      1.0000E+00
      3.8780E-01      1.3229E+00      1.2376E+00      1.5785E+00      2.5073E-01      6.6832E+01      1.2484E+02      1.0000E+00
      5.8841E-01      1.0650E+00      1.0121E+00      1.1276E+00      5.3426E-01      8.1495E+01      9.4716E+01      1.0000E+00
      5.5313E-01      1.0479E+00      1.0426E+00      1.0331E+00      5.5085E-01      8.9605E+01      9.0405E+01      1.0000E+00
      5.5025E-01      1.2821E+00      1.2601E+00      1.1763E+00      5.4733E-01      8.9551E+01      9.0205E+01      1.0000E+00
      5.5795E-01      1.4950E+00      1.5308E+00      1.2222E+00      5.5172E-01      8.8666E+01      9.1525E+01      1.0000E+00
      5.6941E-01      1.3706E+00      1.2691E+00      1.2239E+00      5.6398E-01      8.8551E+01      9.1035E+01      1.0000E+00
      5.4993E-01      1.4577E+00      1.5184E+00      1.1770E+00      5.2961E-01      8.8756E+01      9.1982E+01      1.0000E+00
      5.6365E-01      1.5765E+00      1.3973E+00      1.4391E+00      4.7265E-01      7.9191E+01      9.8982E+01      1.0000E+00
      4.7464E-01      1.2198E+00      1.2534E+00      1.3159E+00      3.0661E-01      7.1893E+01      1.2707E+02      1.0000E+00
      5.6763E-01      1.0576E+00      1.0213E+00      1.1371E+00      5.1677E-01      8.2034E+01      9.5081E+01      1.0000E+00
      5.0629E-01      1.1785E+00      1.1547E+00      1.1557E+00      4.9449E-01      8.7834E+01      9.2488E+01      1.0000E+00
      5.1947E-01      1.3387E+00      1.3676E+00      1.1806E+00      5.0285E-01      8.8631E+01      9.2830E+01      1.0000E+00
      6.2191E-01      1.5022E+00      1.3013E+00      1.3846E+00      5.4148E-01      7.9122E+01      9.7217E+01      1.0000E+00
      5.7021E-01      1.5683E+00      1.3931E+00      1.4437E+00      4.7386E-01      7.8628E+01      9.8916E+01      1.0000E+00
      3.0000E-01      1.4728E+00      1.2935E+00      1.5646E+00      1.8447E-01      7.9916E+01      1.2114E+02      1.0000E+00
      3.5613E-01      1.3753E+00      1.2486E+00      1.6061E+00      2.3127E-01      6.4457E+01      1.2576E+02      1.0000E+00
      4.4063E-01      1.1044E+00      1.0357E+00      1.1842E+00      4.1610E-01      8.7364E+01      9.5725E+01      1.0000E+00
      4.5645E-01      1.1190E+00      1.0798E+00      1.1160E+00      4.4134E-01      8.7518E+01      9.1444E+01      1.0000E+00
      3.9806E-01      1.4056E+00      1.2387E+00      1.6409E+00      2.6696E-01      6.7121E+01      1.2051E+02      1.0000E+00
      4.0186E-01      1.3193E+00      1.1788E+00      1.6009E+00      2.7338E-01      7.0528E+01      1.1846E+02      1.0000E+00
      3.6005E-01      1.2423E+00      1.1346E+00      1.4401E+00      2.3407E-01      7.7003E+01      1.1759E+02      1.0000E+00
      5.5969E-01      1.0798E+00      1.0174E+00      1.1759E+00      4.9393E-01      8.2094E+01      9.5469E+01      1.0000E+00
      6.1685E-01      1.0563E+00      1.0052E+00      1.0949E+00      5.8518E-01      8.6203E+01      9.3144E+01      1.0000E+00
      5.3585E-01      1.0836E+00      1.0203E+00      1.2023E+00      4.6905E-01      7.9894E+01      9.4576E+01      1.0000E+00
      3.3291E-01      1.2542E+00      1.1169E+00      1.5063E+00      2.1479E-01      7.4652E+01      1.1615E+02      1.0000E+00
      3.6564E-01      1.2616E+00      1.1799E+00      1.5796E+00      2.5111E-01      6.9888E+01      1.1899E+02      1.0000E+00
      3.7895E-01      1.2351E+00      1.1318E+00      1.4787E+00      2.8387E-01      7.0210E+01      1.1540E+02      1.0000E+00
      3.7501E-01      1.2171E+00      1.1567E+00      1.4432E+00      2.8516E-01      6.8096E+01      1.1736E+02      1.0000E+00
      3.5383E-01      1.2467E+00      1.1550E+00      1.6296E+00      2.4059E-01      7.3440E+01      1.1552E+02      1.0000E+00
      3.2152E-01      1.3500E+00      1.1586E+00      1.6741E+00      2.0733E-01      7.4902E+01      1.1743E+02      1.0000E+00
      5.0337E-01      1.2849E+00      1.0966E+00      1.4815E+00      4.2562E-01      7.0907E+01      1.0523E+02      1.0000E+00
      4.0940E-01      1.0872E+00      1.0344E+00      1.1446E+00      3.6948E-01      7.5965E+01      9.8628E+01      1.0000E+00
      2.9722E-01      1.1897E+00      1.1527E+00      1.3140E+00      2.0645E-01      7.7326E+01      1.1873E+02      1.0000E+00
      3.7857E-01      1.4815E+00      1.2447E+00      1.7592E+00      2.4963E-01      6.7564E+01      1.1953E+02      1.0000E+00
      5.2614E-01      1.2239E+00      1.0788E+00      1.3325E+00      4.1886E-01      7.4224E+01      9.7152E+01      1.0000E+00
      2.8746E-01      1.2960E+00      1.1834E+00      1.5173E+00      1.7543E-01      7.3883E+01      1.1782E+02      1.0000E+00
      2.8942E-01      1.2936E+00      1.1885E+00      1.5193E+00      1.7622E-01      7.4159E+01      1.1820E+02      1.0000E+00
      5.3826E-01      1.2191E+00      1.0800E+00      1.3181E+00      4.2747E-01      7.3692E+01      9.7425E+01      1.0000E+00
      3.9922E-01      1.4467E+00      1.2258E+00      1.7488E+00      2.6406E-01      6.9383E+01      1.1806E+02      1.0000E+00
      3.2709E-01      1.2538E+00      1.1534E+00      1.4046E+00      2.2214E-01      7.6293E+01      1.1884E+02      1.0000E+00
      4.6543E-01      1.1089E+00      1.0236E+00      1.2032E+00      4.2993E-01      8.7000E+01      9.5841E+01      1.0000E+00
      4.4676E-01      1.1170E+00      1.0282E+00      1.2599E+00      4.0284E-01      8.2286E+01      9.3349E+01      1.0000E+00
      2.9202E-01      1.2847E+00      1.1330E+00      1.5514E+00      1.9224E-01      7.7197E+01      1.1727E+02      1.0000E+00
      3.3432E-01      1.2715E+00      1.1648E+00      1.6406E+00      2.2640E-01      7.1580E+01      1.1695E+02      1.0000E+00
      3.6409E-01      1.2210E+00      1.1479E+00      1.4366E+00      2.7756E-01      6.8491E+01      1.1697E+02      1.0000E+00
      3.7359E-01      1.2409E+00      1.1369E+00      1.4828E+00      2.7890E-01      6.9717E+01      1.1596E+02      1.0000E+00
      3.6295E-01      1.2617E+00      1.1769E+00      1.5768E+00      2.4934E-01      7.0087E+01      1.1886E+02      1.0000E+00
      3.3189E-01      1.2543E+00      1.1183E+00      1.5064E+00      2.1387E-01      7.4709E+01      1.1630E+02      1.0000E+00
      5.3502E-01      1.0838E+00      1.0204E+00      1.2031E+00      4.6799E-01      7.9913E+01      9.4530E+01      1.0000E+00
      6.1648E-01      1.0564E+00      1.0051E+00      1.0951E+00      5.8468E-01      8.6210E+01      9.3118E+01      1.0000E+00
      5.5957E-01      1.0798E+00      1.0174E+00      1.1758E+00      4.9384E-01      8.2090E+01      9.5460E+01      1.0000E+00
      3.6002E-01      1.2423E+00      1.1346E+00      1.4401E+00      2.3406E-01      7.7001E+01      1.1759E+02      1.0000E+00
      4.0184E-01      1.3193E+00      1.1789E+00      1.6009E+00      2.7337E-01      7.0527E+01      1.1846E+02      1.0000E+00
      4.2599E-01      1.2807E+00      1.1502E+00      1.4493E+00      3.1991E-01      6.8927E+01      1.1710E+02      1.0000E+00
      4.2600E-01      1.2807E+00      1.1502E+00      1.4493E+00      3.1991E-01      6.8926E+01      1.1711E+02      1.0000E+00
