  
 ------------------------
 2D Mesh Quality Measures
 ------------------------
  
Signed Area     Aspect Ratio    Condition       Edge Ratio      Jacobian        Minimum Angle   Maximum Angle   Area Sign       
      4.1614E-01      1.3353E+00      1.2140E+00      1.6007E+00      2.6947E-01      6.7773E+01      1.2338E+02      1.0000E+00
      5.1721E-01      1.0355E+00      1.0043E+00      1.0970E+00      4.9262E-01      8.8022E+01      9.3405E+01      1.0000E+00
      5.4358E-01      1.0258E+00      1.0011E+00      1.0479E+00      5.3663E-01      8.8428E+01      9.1067E+01      1.0000E+00
      4.9898E-01      1.0349E+00      1.0080E+00      1.1024E+00      4.7109E-01      8.5729E+01      9.5767E+01      1.0000E+00
      3.8986E-01      1.3194E+00      1.2374E+00      1.5772E+00      2.5295E-01      6.6747E+01      1.2475E+02      1.0000E+00
      5.3155E-01      1.1975E+00      1.2224E+00      1.3123E+00      3.4323E-01      7.4894E+01      1.2511E+02      1.0000E+00
      6.3344E-01      1.0723E+00      1.0200E+00      1.1537E+00      5.6931E-01      7.8656E+01      9.7487E+01      1.0000E+00
      5.5378E-01      1.0247E+00      1.0011E+00      1.0391E+00      5.4583E-01      8.8515E+01      9.1738E+01      1.0000E+00
      5.4542E-01      1.0139E+00      1.0005E+00      1.0280E+00      5.4151E-01      8.9122E+01      9.1278E+01      1.0000E+00
      5.3502E-01      1.0191E+00      1.0008E+00      1.0316E+00      5.2723E-01      8.8578E+01      9.1899E+01      1.0000E+00
      5.9100E-01      1.0692E+00      1.0116E+00      1.1354E+00      5.3394E-01      8.1462E+01      9.4530E+01      1.0000E+00
      4.8439E-01      1.2167E+00      1.2494E+00      1.3176E+00      3.1726E-01      7.1776E+01      1.2681E+02      1.0000E+00
      4.1611E-01      1.3353E+00      1.2140E+00      1.6008E+00      2.6944E-01      6.7772E+01      1.2338E+02      1.0000E+00
      6.3341E-01      1.0724E+00      1.0200E+00      1.1537E+00      5.6928E-01      7.8657E+01      9.7487E+01      1.0000E+00
      5.9308E-01      1.0037E+00      1.0009E+00      1.0060E+00      5.8965E-01      8.7517E+01      9.2153E+01      1.0000E+00
      5.7978E-01      1.0090E+00      1.0010E+00      1.0205E+00      5.7330E-01      8.7617E+01      9.2498E+01      1.0000E+00
      5.5906E-01      1.0067E+00      1.0003E+00      1.0112E+00      5.5481E-01      8.8530E+01      9.1234E+01      1.0000E+00
      5.5322E-01      1.0106E+00      1.0003E+00      1.0238E+00      5.4628E-01      8.9402E+01      9.1173E+01      1.0000E+00
      5.4998E-01      1.0138E+00      1.0009E+00      1.0388E+00      5.4384E-01      8.9146E+01      9.0870E+01      1.0000E+00
      5.7626E-01      1.0681E+00      1.0157E+00      1.1757E+00      5.1625E-01      8.1831E+01      9.4081E+01      1.0000E+00
      3.8200E-01      1.3575E+00      1.2457E+00      1.5321E+00      2.5518E-01      6.4016E+01      1.2601E+02      1.0000E+00
      5.1710E-01      1.0355E+00      1.0043E+00      1.0968E+00      4.9254E-01      8.8016E+01      9.3411E+01      1.0000E+00
      5.5369E-01      1.0247E+00      1.0011E+00      1.0391E+00      5.4572E-01      8.8525E+01      9.1730E+01      1.0000E+00
      5.7974E-01      1.0091E+00      1.0010E+00      1.0205E+00      5.7324E-01      8.7628E+01      9.2489E+01      1.0000E+00
      6.2703E-01      1.0439E+00      1.0124E+00      1.0800E+00      5.8280E-01      8.1337E+01      9.4639E+01      1.0000E+00
      5.3548E-01      1.1340E+00      1.0351E+00      1.2356E+00      4.5832E-01      8.1226E+01      1.0249E+02      1.0000E+00
      5.5348E-01      1.1998E+00      1.0853E+00      1.3105E+00      4.8103E-01      7.5668E+01      1.0520E+02      1.0000E+00
      5.4079E-01      1.2163E+00      1.0993E+00      1.3293E+00      4.6466E-01      7.6194E+01      1.0524E+02      1.0000E+00
      4.7474E-01      1.1340E+00      1.0336E+00      1.1886E+00      4.1550E-01      7.9705E+01      1.0430E+02      1.0000E+00
      4.9659E-01      1.1045E+00      1.0222E+00      1.2327E+00      4.3951E-01      8.5053E+01      9.8128E+01      1.0000E+00
      5.4321E-01      1.0257E+00      1.0011E+00      1.0479E+00      5.3616E-01      8.8449E+01      9.1026E+01      1.0000E+00
      5.4509E-01      1.0138E+00      1.0005E+00      1.0280E+00      5.4109E-01      8.9160E+01      9.1242E+01      1.0000E+00
      5.5888E-01      1.0069E+00      1.0003E+00      1.0113E+00      5.5463E-01      8.8584E+01      9.1186E+01      1.0000E+00
      5.3550E-01      1.1342E+00      1.0352E+00      1.2352E+00      4.5841E-01      8.1184E+01      1.0253E+02      1.0000E+00
      4.0617E-01      1.1329E+00      1.0531E+00      1.2803E+00      3.3990E-01      7.7365E+01      1.0676E+02      1.0000E+00
      4.9795E-01      1.0349E+00      1.0080E+00      1.1032E+00      4.6987E-01      8.5785E+01      9.5696E+01      1.0000E+00
      5.3389E-01      1.0190E+00      1.0007E+00      1.0323E+00      5.2575E-01      8.8775E+01      9.1779E+01      1.0000E+00
      5.5248E-01      1.0105E+00      1.0003E+00      1.0239E+00      5.4583E-01      8.9562E+01      9.0937E+01      1.0000E+00
      5.5367E-01      1.2001E+00      1.0840E+00      1.3110E+00      4.8107E-01      7.5779E+01      1.0506E+02      1.0000E+00
      3.4891E-01      1.0768E+00      1.0263E+00      1.1305E+00      3.1685E-01      8.0740E+01      1.0245E+02      1.0000E+00
      3.8776E-01      1.3202E+00      1.2360E+00      1.5765E+00      2.5093E-01      6.6942E+01      1.2474E+02      1.0000E+00
      5.8704E-01      1.0665E+00      1.0122E+00      1.1305E+00      5.3166E-01      8.1184E+01      9.4781E+01      1.0000E+00
      5.4724E-01      1.0154E+00      1.0008E+00      1.0402E+00      5.4046E-01      8.9134E+01      9.1061E+01      1.0000E+00
      5.4088E-01      1.2179E+00      1.1016E+00      1.3275E+00      4.6531E-01      7.5537E+01      1.0583E+02      1.0000E+00
      4.7564E-01      1.2189E+00      1.2461E+00      1.3187E+00      3.0833E-01      7.2156E+01      1.2663E+02      1.0000E+00
      5.6648E-01      1.0626E+00      1.0174E+00      1.1670E+00      5.1140E-01      8.0807E+01      9.5931E+01      1.0000E+00
      4.7280E-01      1.1348E+00      1.0288E+00      1.2013E+00      4.1545E-01      8.1490E+01      1.0236E+02      1.0000E+00
      3.6445E-01      1.3650E+00      1.2294E+00      1.5999E+00      2.3746E-01      6.5606E+01      1.2465E+02      1.0000E+00
      4.8541E-01      1.1183E+00      1.0262E+00      1.2521E+00      4.2300E-01      8.0203E+01      9.4926E+01      1.0000E+00
      4.1704E-01      1.1144E+00      1.0331E+00      1.2776E+00      3.4844E-01      8.2255E+01      1.0255E+02      1.0000E+00
      3.6199E-01      1.0730E+00      1.0454E+00      1.1408E+00      3.1956E-01      7.9282E+01      1.0633E+02      1.0000E+00
      2.2790E-01      1.6739E+00      1.5815E+00      1.9475E+00      1.3019E-01      6.0238E+01      1.2226E+02      1.0000E+00
      2.2803E-01      1.6728E+00      1.5803E+00      1.9481E+00      1.3025E-01      6.0291E+01      1.2224E+02      1.0000E+00
      1.1881E-01      1.8985E+00      2.0344E+00      1.4105E+00      1.0794E-01      8.4684E+01      1.0124E+02      1.0000E+00
      2.2947E-01      1.8961E+00      2.2159E+00      2.0840E+00      1.1319E-01      5.9010E+01      1.2365E+02      1.0000E+00
      1.1338E-01      2.2194E+00      2.2149E+00      1.4775E+00      9.6348E-02      8.6564E+01      9.5530E+01      1.0000E+00
      1.7902E-01      3.0229E+00      2.4833E+00      2.2362E+00      1.1644E-01      7.0448E+01      1.0435E+02      1.0000E+00
      2.1956E-01      1.7989E+00      1.8088E+00      2.1498E+00      1.0946E-01      5.3005E+01      1.3023E+02      1.0000E+00
      1.7716E-01      2.8984E+00      2.3347E+00      2.2562E+00      1.1338E-01      6.6865E+01      1.1283E+02      1.0000E+00
      1.0615E-01      1.7294E+00      1.7787E+00      1.3305E+00      9.0908E-02      8.6311E+01      9.7565E+01      1.0000E+00
      1.9915E-01      1.5489E+00      1.3564E+00      2.0181E+00      1.1107E-01      6.2296E+01      1.2562E+02      1.0000E+00
      1.0355E-01      1.2147E+00      1.1714E+00      1.2246E+00      9.2310E-02      8.1816E+01      1.0264E+02      1.0000E+00
      1.7628E-01      1.6112E+00      1.4142E+00      2.1002E+00      1.0182E-01      5.5904E+01      1.2960E+02      1.0000E+00
      2.2990E-01      1.8905E+00      2.2110E+00      2.0824E+00      1.1388E-01      5.9073E+01      1.2353E+02      1.0000E+00
      1.1343E-01      2.2195E+00      2.2138E+00      1.4792E+00      9.6401E-02      8.6549E+01      9.5519E+01      1.0000E+00
      1.7948E-01      3.0276E+00      2.4910E+00      2.2405E+00      1.1652E-01      7.0328E+01      1.0444E+02      1.0000E+00
      1.4063E-01      2.1982E+00      2.3591E+00      1.3490E+00      1.3086E-01      8.7385E+01      9.5981E+01      1.0000E+00
      1.5345E-01      1.9976E+00      1.7217E+00      1.5381E+00      1.4889E-01      8.7600E+01      9.2724E+01      1.0000E+00
      1.5355E-01      2.0005E+00      1.7233E+00      1.5395E+00      1.4895E-01      8.7567E+01      9.2757E+01      1.0000E+00
      1.5272E-01      1.0513E+00      1.0601E+00      1.0034E+00      1.5071E-01      8.8783E+01      9.1919E+01      1.0000E+00
      1.5144E-01      2.4333E+00      2.5747E+00      1.4524E+00      1.4543E-01      8.8503E+01      9.2370E+01      1.0000E+00
      1.3108E-01      2.1892E+00      2.0241E+00      1.7636E+00      1.1883E-01      8.7745E+01      9.5535E+01      1.0000E+00
      1.5317E-01      2.2625E+00      1.9635E+00      1.6886E+00      1.5018E-01      8.8752E+01      9.0757E+01      1.0000E+00
      1.5028E-01      2.0929E+00      1.8291E+00      1.6668E+00      1.4074E-01      8.6852E+01      9.1767E+01      1.0000E+00
      9.6486E-02      1.3017E+00      1.2860E+00      1.2543E+00      8.0256E-02      8.4160E+01      1.0322E+02      1.0000E+00
      1.5347E-01      1.5737E+00      1.3947E+00      1.9686E+00      8.2382E-02      6.2104E+01      1.2926E+02      1.0000E+00
      1.4023E-01      1.6967E+00      1.4784E+00      1.6502E+00      8.8619E-02      6.6402E+01      1.1641E+02      1.0000E+00
      1.7779E-01      2.8993E+00      2.3347E+00      2.2564E+00      1.1373E-01      6.6815E+01      1.1289E+02      1.0000E+00
      2.2212E-01      1.7870E+00      1.7786E+00      2.1505E+00      1.1149E-01      5.3661E+01      1.2952E+02      1.0000E+00
      1.0675E-01      1.7248E+00      1.7777E+00      1.3288E+00      9.1037E-02      8.6322E+01      9.8135E+01      1.0000E+00
      1.5161E-01      2.4351E+00      2.5769E+00      1.4512E+00      1.4558E-01      8.8580E+01      9.2278E+01      1.0000E+00
      1.5322E-01      2.2639E+00      1.9650E+00      1.6906E+00      1.5020E-01      8.8673E+01      9.0825E+01      1.0000E+00
      1.3127E-01      2.1902E+00      2.0254E+00      1.7646E+00      1.1894E-01      8.8043E+01      9.5214E+01      1.0000E+00
      1.5038E-01      2.0942E+00      1.8299E+00      1.6723E+00      1.4073E-01      8.6522E+01      9.2047E+01      1.0000E+00
      1.5989E-01      2.3093E+00      2.6390E+00      1.2890E+00      1.5756E-01      8.8553E+01      9.1419E+01      1.0000E+00
      1.7101E-01      1.8964E+00      1.9482E+00      1.4540E+00      1.6521E-01      8.6507E+01      9.3787E+01      1.0000E+00
      1.7135E-01      1.8960E+00      1.9482E+00      1.4535E+00      1.6542E-01      8.6225E+01      9.4000E+01      1.0000E+00
      1.7644E-01      1.3585E+00      1.4574E+00      1.1823E+00      1.7484E-01      8.2903E+01      9.8710E+01      1.0000E+00
      2.3400E-01      1.2518E+00      1.2261E+00      1.3264E+00      1.9038E-01      6.9826E+01      1.0573E+02      1.0000E+00
      1.7995E-01      1.1479E+00      1.0776E+00      1.2124E+00      1.6267E-01      7.5969E+01      1.0230E+02      1.0000E+00
      2.1628E-01      1.1399E+00      1.0492E+00      1.3049E+00      1.7967E-01      7.2868E+01      9.9041E+01      1.0000E+00
      2.0302E-01      1.5131E+00      1.3545E+00      2.0019E+00      1.1616E-01      6.2301E+01      1.2475E+02      1.0000E+00
      1.0434E-01      1.2097E+00      1.1700E+00      1.2228E+00      9.2743E-02      8.2809E+01      1.0164E+02      1.0000E+00
      1.7869E-01      1.6120E+00      1.4741E+00      2.1017E+00      1.0256E-01      5.4050E+01      1.3157E+02      1.0000E+00
      9.7106E-02      1.2994E+00      1.2878E+00      1.2417E+00      8.1180E-02      8.3006E+01      1.0391E+02      1.0000E+00
      1.4000E-01      1.7162E+00      1.4796E+00      1.6618E+00      8.7293E-02      6.6476E+01      1.1670E+02      1.0000E+00
      1.5542E-01      1.6033E+00      1.3632E+00      1.9933E+00      8.3400E-02      6.2841E+01      1.2814E+02      1.0000E+00
      2.3672E-01      1.2644E+00      1.2360E+00      1.3431E+00      1.9137E-01      6.8634E+01      1.0690E+02      1.0000E+00
      1.8136E-01      1.1484E+00      1.0799E+00      1.2162E+00      1.6316E-01      7.5335E+01      1.0253E+02      1.0000E+00
      2.1997E-01      1.1525E+00      1.0543E+00      1.3266E+00      1.8208E-01      7.2254E+01      9.9199E+01      1.0000E+00
      1.1336E-01      1.2020E+00      1.2279E+00      1.2828E+00      7.6148E-02      7.2890E+01      1.2541E+02      1.0000E+00
      1.2636E-01      1.3789E+00      1.1660E+00      1.7287E+00      7.4703E-02      6.8151E+01      1.1736E+02      1.0000E+00
      1.2723E-01      1.3826E+00      1.1691E+00      1.7388E+00      7.5275E-02      6.7973E+01      1.1718E+02      1.0000E+00
      4.0222E-01      1.2989E+00      1.1646E+00      1.5915E+00      2.7345E-01      7.0097E+01      1.1889E+02      1.0000E+00
      3.6026E-01      1.2396E+00      1.1304E+00      1.4450E+00      2.3422E-01      7.6986E+01      1.1774E+02      1.0000E+00
      5.5995E-01      1.0781E+00      1.0143E+00      1.1795E+00      4.9417E-01      8.2115E+01      9.5522E+01      1.0000E+00
      6.1699E-01      1.0555E+00      1.0037E+00      1.0959E+00      5.8525E-01      8.6165E+01      9.3181E+01      1.0000E+00
      5.3590E-01      1.0834E+00      1.0202E+00      1.2020E+00      4.6901E-01      7.9867E+01      9.4581E+01      1.0000E+00
      3.3298E-01      1.2541E+00      1.1169E+00      1.5056E+00      2.1479E-01      7.4647E+01      1.1617E+02      1.0000E+00
      3.6591E-01      1.2633E+00      1.1807E+00      1.5813E+00      2.5095E-01      6.9826E+01      1.1908E+02      1.0000E+00
      3.7959E-01      1.2360E+00      1.1314E+00      1.4765E+00      2.8441E-01      7.0189E+01      1.1546E+02      1.0000E+00
      3.7694E-01      1.2246E+00      1.1596E+00      1.4508E+00      2.8509E-01      6.7837E+01      1.1773E+02      1.0000E+00
      3.5779E-01      1.2500E+00      1.1509E+00      1.6197E+00      2.4431E-01      7.3300E+01      1.1555E+02      1.0000E+00
      3.2958E-01      1.3325E+00      1.1505E+00      1.6501E+00      2.1044E-01      7.5565E+01      1.1844E+02      1.0000E+00
      5.2120E-01      1.2573E+00      1.0788E+00      1.4434E+00      4.3661E-01      7.2000E+01      1.0324E+02      1.0000E+00
      4.3618E-01      1.0837E+00      1.0224E+00      1.1833E+00      4.0886E-01      8.0353E+01      9.7267E+01      1.0000E+00
      4.0749E-01      1.0669E+00      1.0081E+00      1.1258E+00      3.8594E-01      8.3887E+01      9.3644E+01      1.0000E+00
      3.5579E-01      1.0780E+00      1.0255E+00      1.1155E+00      3.2879E-01      7.7407E+01      9.9561E+01      1.0000E+00
      3.0423E-01      1.1940E+00      1.0632E+00      1.3441E+00      2.5388E-01      7.1376E+01      1.0157E+02      1.0000E+00
      2.5304E-01      1.2948E+00      1.0806E+00      1.4657E+00      2.0701E-01      7.4306E+01      1.0219E+02      1.0000E+00
      2.5483E-01      1.2969E+00      1.0807E+00      1.4730E+00      2.0807E-01      7.4400E+01      1.0192E+02      1.0000E+00
      3.1140E-01      1.2022E+00      1.0646E+00      1.3648E+00      2.5934E-01      7.1416E+01      1.0145E+02      1.0000E+00
      3.7398E-01      1.0633E+00      1.0261E+00      1.1159E+00      3.4316E-01      7.7058E+01      9.9227E+01      1.0000E+00
      4.4537E-01      1.0529E+00      1.0109E+00      1.0964E+00      4.1317E-01      8.1655E+01      9.5105E+01      1.0000E+00
      4.9504E-01      1.0711E+00      1.0056E+00      1.1043E+00      4.6901E-01      8.6190E+01      9.3472E+01      1.0000E+00
      4.6280E-01      1.0955E+00      1.0213E+00      1.2255E+00      4.1383E-01      8.3078E+01      9.4995E+01      1.0000E+00
      2.9970E-01      1.2682E+00      1.1438E+00      1.5283E+00      1.9545E-01      7.7880E+01      1.1839E+02      1.0000E+00
      3.3821E-01      1.2752E+00      1.1606E+00      1.6304E+00      2.3007E-01      7.1459E+01      1.1695E+02      1.0000E+00
      3.6611E-01      1.2290E+00      1.1512E+00      1.4447E+00      2.7761E-01      6.8190E+01      1.1736E+02      1.0000E+00
      3.7426E-01      1.2418E+00      1.1365E+00      1.4805E+00      2.7946E-01      6.9699E+01      1.1601E+02      1.0000E+00
      3.6324E-01      1.2634E+00      1.1778E+00      1.5787E+00      2.4920E-01      7.0019E+01      1.1895E+02      1.0000E+00
      3.3196E-01      1.2542E+00      1.1183E+00      1.5057E+00      2.1387E-01      7.4704E+01      1.1631E+02      1.0000E+00
      5.3507E-01      1.0836E+00      1.0203E+00      1.2028E+00      4.6795E-01      7.9887E+01      9.4535E+01      1.0000E+00
      6.1662E-01      1.0556E+00      1.0037E+00      1.0960E+00      5.8475E-01      8.6171E+01      9.3156E+01      1.0000E+00
      5.5983E-01      1.0782E+00      1.0143E+00      1.1794E+00      4.9408E-01      8.2110E+01      9.5514E+01      1.0000E+00
      3.6023E-01      1.2396E+00      1.1304E+00      1.4450E+00      2.3420E-01      7.6985E+01      1.1773E+02      1.0000E+00
      4.0221E-01      1.2989E+00      1.1647E+00      1.5915E+00      2.7344E-01      7.0096E+01      1.1889E+02      1.0000E+00
      4.2650E-01      1.2614E+00      1.1396E+00      1.4456E+00      3.2025E-01      6.8582E+01      1.1745E+02      1.0000E+00
      4.2651E-01      1.2614E+00      1.1397E+00      1.4457E+00      3.2025E-01      6.8580E+01      1.1745E+02      1.0000E+00
      3.2261E-01      1.1184E+00      1.0233E+00      1.2521E+00      2.8494E-01      8.1077E+01      9.9492E+01      1.0000E+00
      3.3177E-01      1.1073E+00      1.0292E+00      1.2509E+00      2.9361E-01      7.9602E+01      9.9917E+01      1.0000E+00
