  
 ------------------------
 2D Mesh Quality Measures
 ------------------------
  
Signed Area     Aspect Ratio    Condition       Edge Ratio      Jacobian        Minimum Angle   Maximum Angle   Area Sign       
      4.1537E-01      1.3353E+00      1.2151E+00      1.5994E+00      2.6909E-01      6.7682E+01      1.2346E+02      1.0000E+00
      5.1643E-01      1.0359E+00      1.0044E+00      1.0979E+00      4.9191E-01      8.7901E+01      9.3515E+01      1.0000E+00
      5.4330E-01      1.0262E+00      1.0012E+00      1.0490E+00      5.3661E-01      8.8544E+01      9.0966E+01      1.0000E+00
      4.9914E-01      1.0367E+00      1.0081E+00      1.1053E+00      4.7092E-01      8.5809E+01      9.5775E+01      1.0000E+00
      3.8993E-01      1.3214E+00      1.2389E+00      1.5787E+00      2.5277E-01      6.6630E+01      1.2485E+02      1.0000E+00
      5.2973E-01      1.1972E+00      1.2236E+00      1.3101E+00      3.4255E-01      7.4747E+01      1.2519E+02      1.0000E+00
      6.3031E-01      1.0724E+00      1.0196E+00      1.1555E+00      5.6504E-01      7.8787E+01      9.7176E+01      1.0000E+00
      5.5113E-01      1.0254E+00      1.0013E+00      1.0408E+00      5.4373E-01      8.8872E+01      9.1361E+01      1.0000E+00
      5.4489E-01      1.0179E+00      1.0015E+00      1.0328E+00      5.4081E-01      8.9300E+01      9.1041E+01      1.0000E+00
      5.3633E-01      1.0250E+00      1.0019E+00      1.0390E+00      5.2748E-01      8.8483E+01      9.1945E+01      1.0000E+00
      5.9256E-01      1.0667E+00      1.0110E+00      1.1347E+00      5.3667E-01      8.1768E+01      9.4477E+01      1.0000E+00
      4.8357E-01      1.2176E+00      1.2564E+00      1.3152E+00      3.1570E-01      7.1513E+01      1.2723E+02      1.0000E+00
      4.1534E-01      1.3353E+00      1.2151E+00      1.5995E+00      2.6906E-01      6.7681E+01      1.2346E+02      1.0000E+00
      6.3029E-01      1.0725E+00      1.0196E+00      1.1555E+00      5.6502E-01      7.8788E+01      9.7176E+01      1.0000E+00
      5.8399E-01      1.0079E+00      1.0009E+00      1.0142E+00      5.7572E-01      8.7740E+01      9.1450E+01      1.0000E+00
      5.7033E-01      1.0103E+00      1.0093E+00      1.0156E+00      5.6353E-01      8.8192E+01      9.1445E+01      1.0000E+00
      5.5948E-01      1.0218E+00      1.0269E+00      1.0118E+00      5.5756E-01      8.9498E+01      9.0666E+01      1.0000E+00
      5.5891E-01      1.0376E+00      1.0248E+00      1.0244E+00      5.5587E-01      8.9631E+01      9.0495E+01      1.0000E+00
      5.5653E-01      1.0385E+00      1.0294E+00      1.0347E+00      5.5286E-01      8.9089E+01      9.1165E+01      1.0000E+00
      5.7822E-01      1.0646E+00      1.0218E+00      1.1501E+00      5.2230E-01      8.3048E+01      9.3906E+01      1.0000E+00
      3.7372E-01      1.3706E+00      1.2641E+00      1.5382E+00      2.4910E-01      6.2888E+01      1.2703E+02      1.0000E+00
      5.1632E-01      1.0359E+00      1.0044E+00      1.0978E+00      4.9182E-01      8.7895E+01      9.3521E+01      1.0000E+00
      5.5103E-01      1.0254E+00      1.0013E+00      1.0408E+00      5.4361E-01      8.8884E+01      9.1353E+01      1.0000E+00
      5.7027E-01      1.0102E+00      1.0093E+00      1.0155E+00      5.6347E-01      8.8203E+01      9.1437E+01      1.0000E+00
      5.6836E-01      1.0654E+00      1.0891E+00      1.0339E+00      5.6525E-01      8.9051E+01      9.0615E+01      1.0000E+00
      5.6546E-01      1.2311E+00      1.2415E+00      1.1419E+00      5.6469E-01      8.9544E+01      9.0360E+01      1.0000E+00
      5.6224E-01      1.2864E+00      1.2038E+00      1.1870E+00      5.6188E-01      8.9550E+01      9.0459E+01      1.0000E+00
      5.5188E-01      1.2925E+00      1.2560E+00      1.1989E+00      5.4909E-01      8.8920E+01      9.0895E+01      1.0000E+00
      5.1060E-01      1.1818E+00      1.1567E+00      1.1570E+00      5.0086E-01      8.6192E+01      9.4089E+01      1.0000E+00
      4.5167E-01      1.1048E+00      1.0411E+00      1.1769E+00      4.3263E-01      8.3081E+01      9.8849E+01      1.0000E+00
      5.4293E-01      1.0262E+00      1.0012E+00      1.0491E+00      5.3613E-01      8.8565E+01      9.0925E+01      1.0000E+00
      5.4453E-01      1.0178E+00      1.0015E+00      1.0329E+00      5.4034E-01      8.9357E+01      9.1005E+01      1.0000E+00
      5.5920E-01      1.0217E+00      1.0267E+00      1.0115E+00      5.5717E-01      8.9554E+01      9.0617E+01      1.0000E+00
      5.6533E-01      1.2305E+00      1.2406E+00      1.1418E+00      5.6456E-01      8.9599E+01      9.0318E+01      1.0000E+00
      5.6619E-01      1.4493E+00      1.5572E+00      1.1636E+00      5.6595E-01      8.9675E+01      9.0299E+01      1.0000E+00
      5.6486E-01      1.4672E+00      1.3394E+00      1.2906E+00      5.6341E-01      8.9307E+01      9.0639E+01      1.0000E+00
      5.5732E-01      1.5070E+00      1.5300E+00      1.2588E+00      5.5088E-01      8.8157E+01      9.2194E+01      1.0000E+00
      5.1659E-01      1.3351E+00      1.3643E+00      1.1840E+00      4.9920E-01      8.6863E+01      9.4643E+01      1.0000E+00
      4.4670E-01      1.1253E+00      1.0836E+00      1.0993E+00      4.2559E-01      8.2903E+01      9.5749E+01      1.0000E+00
      4.9809E-01      1.0367E+00      1.0081E+00      1.1061E+00      4.6966E-01      8.5864E+01      9.5704E+01      1.0000E+00
      5.3511E-01      1.0251E+00      1.0019E+00      1.0401E+00      5.2586E-01      8.8688E+01      9.1825E+01      1.0000E+00
      5.5786E-01      1.0363E+00      1.0243E+00      1.0233E+00      5.5526E-01      8.9710E+01      9.0231E+01      1.0000E+00
      5.6172E-01      1.2836E+00      1.2013E+00      1.1855E+00      5.6137E-01      8.9765E+01      9.0216E+01      1.0000E+00
      5.6489E-01      1.4690E+00      1.3400E+00      1.2929E+00      5.6326E-01      8.9451E+01      9.0479E+01      1.0000E+00
      5.6606E-01      1.0230E+00      1.0212E+00      1.0034E+00      5.6473E-01      8.9012E+01      9.0881E+01      1.0000E+00
      5.6763E-01      1.3542E+00      1.2585E+00      1.2162E+00      5.6323E-01      8.8244E+01      9.1522E+01      1.0000E+00
      6.1285E-01      1.5096E+00      1.3081E+00      1.3881E+00      5.3782E-01      7.8380E+01      9.8680E+01      1.0000E+00
      3.8069E-01      1.4161E+00      1.2300E+00      1.7181E+00      2.4873E-01      6.8777E+01      1.1903E+02      1.0000E+00
      3.8780E-01      1.3222E+00      1.2376E+00      1.5780E+00      2.5073E-01      6.6823E+01      1.2484E+02      1.0000E+00
      5.8841E-01      1.0637E+00      1.0116E+00      1.1296E+00      5.3426E-01      8.1491E+01      9.4727E+01      1.0000E+00
      5.5313E-01      1.0394E+00      1.0290E+00      1.0347E+00      5.5085E-01      8.9602E+01      9.0410E+01      1.0000E+00
      5.5025E-01      1.2912E+00      1.2558E+00      1.1988E+00      5.4733E-01      8.9551E+01      9.0206E+01      1.0000E+00
      5.5795E-01      1.5095E+00      1.5336E+00      1.2590E+00      5.5172E-01      8.8650E+01      9.1549E+01      1.0000E+00
      5.6941E-01      1.3531E+00      1.2593E+00      1.2126E+00      5.6398E-01      8.8540E+01      9.1041E+01      1.0000E+00
      5.4993E-01      1.4399E+00      1.4958E+00      1.1699E+00      5.2961E-01      8.8738E+01      9.1987E+01      1.0000E+00
      5.6365E-01      1.5713E+00      1.3922E+00      1.4383E+00      4.7265E-01      7.9169E+01      9.8996E+01      1.0000E+00
      4.7464E-01      1.2195E+00      1.2534E+00      1.3157E+00      3.0661E-01      7.1890E+01      1.2707E+02      1.0000E+00
      5.6763E-01      1.0572E+00      1.0198E+00      1.1387E+00      5.1677E-01      8.2033E+01      9.5087E+01      1.0000E+00
      5.0629E-01      1.1800E+00      1.1537E+00      1.1593E+00      4.9449E-01      8.7835E+01      9.2491E+01      1.0000E+00
      5.1947E-01      1.3325E+00      1.3644E+00      1.1763E+00      5.0285E-01      8.8628E+01      9.2838E+01      1.0000E+00
      6.2191E-01      1.4975E+00      1.2983E+00      1.3821E+00      5.4148E-01      7.9105E+01      9.7240E+01      1.0000E+00
      5.7021E-01      1.5637E+00      1.3886E+00      1.4432E+00      4.7386E-01      7.8607E+01      9.8929E+01      1.0000E+00
      3.0000E-01      1.4699E+00      1.2899E+00      1.5614E+00      1.8447E-01      7.9888E+01      1.2109E+02      1.0000E+00
      3.5613E-01      1.3753E+00      1.2486E+00      1.6061E+00      2.3127E-01      6.4458E+01      1.2576E+02      1.0000E+00
      4.4063E-01      1.1050E+00      1.0363E+00      1.1847E+00      4.1610E-01      8.7365E+01      9.5725E+01      1.0000E+00
      4.5645E-01      1.1196E+00      1.0807E+00      1.1160E+00      4.4134E-01      8.7519E+01      9.1443E+01      1.0000E+00
      3.9806E-01      1.4061E+00      1.2384E+00      1.6411E+00      2.6696E-01      6.7120E+01      1.2052E+02      1.0000E+00
      4.0186E-01      1.2977E+00      1.1641E+00      1.5903E+00      2.7338E-01      7.0151E+01      1.1883E+02      1.0000E+00
      3.6005E-01      1.2400E+00      1.1302E+00      1.4458E+00      2.3407E-01      7.6956E+01      1.1771E+02      1.0000E+00
      5.5969E-01      1.0784E+00      1.0144E+00      1.1800E+00      4.9393E-01      8.2082E+01      9.5490E+01      1.0000E+00
      6.1685E-01      1.0557E+00      1.0037E+00      1.0956E+00      5.8518E-01      8.6198E+01      9.3151E+01      1.0000E+00
      5.3585E-01      1.0835E+00      1.0203E+00      1.2024E+00      4.6905E-01      7.9891E+01      9.4576E+01      1.0000E+00
      3.3291E-01      1.2542E+00      1.1169E+00      1.5063E+00      2.1479E-01      7.4651E+01      1.1616E+02      1.0000E+00
      3.6564E-01      1.2616E+00      1.1799E+00      1.5795E+00      2.5111E-01      6.9887E+01      1.1899E+02      1.0000E+00
      3.7895E-01      1.2350E+00      1.1317E+00      1.4787E+00      2.8387E-01      7.0209E+01      1.1540E+02      1.0000E+00
      3.7501E-01      1.2171E+00      1.1567E+00      1.4432E+00      2.8516E-01      6.8095E+01      1.1736E+02      1.0000E+00
      3.5383E-01      1.2467E+00      1.1550E+00      1.6295E+00      2.4059E-01      7.3440E+01      1.1552E+02      1.0000E+00
      3.2152E-01      1.3500E+00      1.1586E+00      1.6741E+00      2.0733E-01      7.4902E+01      1.1743E+02      1.0000E+00
      5.0337E-01      1.2849E+00      1.0966E+00      1.4815E+00      4.2562E-01      7.0909E+01      1.0523E+02      1.0000E+00
      4.0940E-01      1.0874E+00      1.0345E+00      1.1447E+00      3.6948E-01      7.5966E+01      9.8627E+01      1.0000E+00
      2.9722E-01      1.1898E+00      1.1531E+00      1.3140E+00      2.0645E-01      7.7331E+01      1.1872E+02      1.0000E+00
      3.7857E-01      1.4824E+00      1.2448E+00      1.7594E+00      2.4963E-01      6.7569E+01      1.1953E+02      1.0000E+00
      5.2614E-01      1.2247E+00      1.0793E+00      1.3330E+00      4.1886E-01      7.4230E+01      9.7146E+01      1.0000E+00
      2.8746E-01      1.2975E+00      1.1839E+00      1.5189E+00      1.7543E-01      7.3896E+01      1.1780E+02      1.0000E+00
      2.8942E-01      1.2950E+00      1.1890E+00      1.5208E+00      1.7622E-01      7.4171E+01      1.1819E+02      1.0000E+00
      5.3826E-01      1.2199E+00      1.0804E+00      1.3186E+00      4.2747E-01      7.3697E+01      9.7420E+01      1.0000E+00
      3.9922E-01      1.4475E+00      1.2258E+00      1.7490E+00      2.6406E-01      6.9387E+01      1.1806E+02      1.0000E+00
      3.2709E-01      1.2539E+00      1.1538E+00      1.4042E+00      2.2214E-01      7.6297E+01      1.1883E+02      1.0000E+00
      4.6543E-01      1.1089E+00      1.0237E+00      1.2030E+00      4.2993E-01      8.7000E+01      9.5840E+01      1.0000E+00
      4.4676E-01      1.1170E+00      1.0282E+00      1.2599E+00      4.0284E-01      8.2286E+01      9.3349E+01      1.0000E+00
      2.9202E-01      1.2847E+00      1.1330E+00      1.5514E+00      1.9224E-01      7.7197E+01      1.1727E+02      1.0000E+00
      3.3432E-01      1.2715E+00      1.1648E+00      1.6406E+00      2.2640E-01      7.1580E+01      1.1695E+02      1.0000E+00
      3.6409E-01      1.2209E+00      1.1479E+00      1.4366E+00      2.7756E-01      6.8491E+01      1.1697E+02      1.0000E+00
      3.7359E-01      1.2408E+00      1.1369E+00      1.4828E+00      2.7890E-01      6.9717E+01      1.1596E+02      1.0000E+00
      3.6295E-01      1.2617E+00      1.1769E+00      1.5768E+00      2.4934E-01      7.0087E+01      1.1886E+02      1.0000E+00
      3.3189E-01      1.2543E+00      1.1182E+00      1.5064E+00      2.1387E-01      7.4708E+01      1.1630E+02      1.0000E+00
      5.3502E-01      1.0837E+00      1.0203E+00      1.2031E+00      4.6799E-01      7.9910E+01      9.4530E+01      1.0000E+00
      6.1648E-01      1.0557E+00      1.0037E+00      1.0958E+00      5.8468E-01      8.6204E+01      9.3125E+01      1.0000E+00
      5.5957E-01      1.0784E+00      1.0144E+00      1.1799E+00      4.9384E-01      8.2078E+01      9.5482E+01      1.0000E+00
      3.6002E-01      1.2400E+00      1.1302E+00      1.4458E+00      2.3406E-01      7.6954E+01      1.1771E+02      1.0000E+00
      4.0184E-01      1.2977E+00      1.1641E+00      1.5903E+00      2.7337E-01      7.0150E+01      1.1883E+02      1.0000E+00
      4.2599E-01      1.2604E+00      1.1393E+00      1.4451E+00      3.1991E-01      6.8635E+01      1.1741E+02      1.0000E+00
      4.2600E-01      1.2604E+00      1.1393E+00      1.4451E+00      3.1991E-01      6.8633E+01      1.1741E+02      1.0000E+00
