  
 ------------------------
 2D Mesh Quality Measures
 ------------------------
  
Signed Area     Aspect Ratio    Condition       Edge Ratio      Jacobian        Minimum Angle   Maximum Angle   Area Sign       
      5.9803E-02      1.1725E+00      1.1419E+00      1.2856E+00      4.3323E-02      7.6270E+01      1.1881E+02      1.0000E+00
      2.3959E-02      1.4698E+00      1.2597E+00      1.9394E+00      1.5115E-02      6.2042E+01      1.2269E+02      1.0000E+00
      7.5282E-02      1.0997E+00      1.0202E+00      1.1340E+00      6.9013E-02      8.1015E+01      1.0100E+02      1.0000E+00
      4.2854E-02      1.3302E+00      1.3099E+00      1.4965E+00      2.5689E-02      6.6949E+01      1.3009E+02      1.0000E+00
      2.1347E-02      1.0502E+00      1.0046E+00      1.0977E+00      1.9481E-02      8.4542E+01      9.4574E+01      1.0000E+00
      1.8405E-02      1.0295E+00      1.0014E+00      1.0438E+00      1.8046E-02      8.7868E+01      9.1881E+01      1.0000E+00
      2.4162E-02      1.5265E+00      1.3329E+00      2.0216E+00      1.4616E-02      5.8681E+01      1.2653E+02      1.0000E+00
      1.5333E-02      1.1377E+00      1.0731E+00      1.2467E+00      1.2047E-02      7.9152E+01      1.1119E+02      1.0000E+00
      2.5983E-02      1.4676E+00      1.2527E+00      1.9712E+00      1.5891E-02      6.3858E+01      1.2228E+02      1.0000E+00
      1.8265E-02      1.0249E+00      1.0053E+00      1.0586E+00      1.7617E-02      8.4144E+01      9.4578E+01      1.0000E+00
      1.7762E-02      1.0398E+00      1.0082E+00      1.0842E+00      1.6997E-02      8.5324E+01      9.6725E+01      1.0000E+00
      2.1042E-02      1.0709E+00      1.0166E+00      1.1266E+00      1.9159E-02      7.9778E+01      9.6492E+01      1.0000E+00
      2.6929E-02      1.0795E+00      1.0138E+00      1.1408E+00      2.4950E-02      8.1812E+01      9.8995E+01      1.0000E+00
      2.3887E-02      1.1671E+00      1.0725E+00      1.3259E+00      2.0141E-02      7.0001E+01      1.0759E+02      1.0000E+00
      5.4923E-02      1.1494E+00      1.0874E+00      1.2198E+00      4.5548E-02      7.3455E+01      1.1298E+02      1.0000E+00
      4.4318E-02      1.1642E+00      1.0493E+00      1.3140E+00      3.4097E-02      8.0755E+01      1.0747E+02      1.0000E+00
      3.3697E-02      1.1913E+00      1.0339E+00      1.3574E+00      2.7659E-02      8.0650E+01      1.0190E+02      1.0000E+00
      1.8861E-02      1.4148E+00      1.4226E+00      1.9063E+00      1.1493E-02      5.8101E+01      1.2911E+02      1.0000E+00
      1.8668E-02      1.4285E+00      1.4190E+00      1.8791E+00      1.1631E-02      5.6902E+01      1.2940E+02      1.0000E+00
      1.1993E-02      1.1270E+00      1.0288E+00      1.2630E+00      9.3880E-03      7.6407E+01      1.0149E+02      1.0000E+00
      1.9653E-02      1.4676E+00      1.4742E+00      1.7630E+00      1.2073E-02      5.4344E+01      1.3415E+02      1.0000E+00
      1.7908E-02      1.0735E+00      1.0409E+00      1.0984E+00      1.6577E-02      7.3887E+01      1.0211E+02      1.0000E+00
      1.5231E-02      1.0524E+00      1.0149E+00      1.0668E+00      1.4845E-02      8.0674E+01      9.9087E+01      1.0000E+00
      1.4544E-02      1.0701E+00      1.0247E+00      1.1587E+00      1.3799E-02      7.9654E+01      9.9424E+01      1.0000E+00
      1.2435E-02      1.1095E+00      1.0374E+00      1.2477E+00      1.1268E-02      8.2088E+01      1.0199E+02      1.0000E+00
      9.4693E-03      1.4501E+00      1.3418E+00      1.6602E+00      5.7364E-03      6.0505E+01      1.3112E+02      1.0000E+00
      1.1977E-02      1.3645E+00      1.1447E+00      1.7658E+00      7.1224E-03      6.9333E+01      1.1763E+02      1.0000E+00
      1.6515E-02      1.0918E+00      1.0235E+00      1.2003E+00      1.4368E-02      7.7750E+01      9.7260E+01      1.0000E+00
      1.7633E-02      1.0406E+00      1.0121E+00      1.1176E+00      1.6410E-02      8.4055E+01      9.7487E+01      1.0000E+00
      1.9586E-02      1.2982E+00      1.2734E+00      1.3135E+00      1.4334E-02      6.1472E+01      1.2815E+02      1.0000E+00
      2.7844E-02      1.2322E+00      1.0434E+00      1.4572E+00      2.1525E-02      7.6229E+01      1.0309E+02      1.0000E+00
      2.5877E-02      1.2001E+00      1.0757E+00      1.3805E+00      2.1631E-02      7.1411E+01      1.0900E+02      1.0000E+00
      3.7739E-02      1.0736E+00      1.0305E+00      1.1748E+00      3.4335E-02      7.7278E+01      1.0137E+02      1.0000E+00
      1.5599E-02      1.0751E+00      1.0077E+00      1.1156E+00      1.4841E-02      8.5212E+01      9.3977E+01      1.0000E+00
      1.4230E-02      1.0358E+00      1.0050E+00      1.0939E+00      1.3556E-02      8.5927E+01      9.2538E+01      1.0000E+00
      1.4628E-02      1.0182E+00      1.0013E+00      1.0382E+00      1.4230E-02      8.8666E+01      9.2792E+01      1.0000E+00
      1.5242E-02      1.0091E+00      1.0004E+00      1.0200E+00      1.5031E-02      8.9151E+01      9.1534E+01      1.0000E+00
      1.4128E-02      1.4458E+00      1.2233E+00      1.8014E+00      8.8141E-03      6.5164E+01      1.2320E+02      1.0000E+00
      1.0289E-02      1.1267E+00      1.0751E+00      1.2316E+00      7.8669E-03      8.1914E+01      1.1154E+02      1.0000E+00
      1.4025E-02      1.4726E+00      1.2543E+00      1.8251E+00      8.5800E-03      6.3411E+01      1.2526E+02      1.0000E+00
      1.4113E-02      1.0293E+00      1.0040E+00      1.0802E+00      1.3411E-02      8.5734E+01      9.2609E+01      1.0000E+00
      1.4960E-02      1.0087E+00      1.0004E+00      1.0148E+00      1.4845E-02      8.8423E+01      9.1536E+01      1.0000E+00
      1.5502E-02      1.0809E+00      1.0088E+00      1.1299E+00      1.4527E-02      8.4283E+01      9.3999E+01      1.0000E+00
      1.5854E-02      1.0668E+00      1.0077E+00      1.1141E+00      1.4967E-02      8.4018E+01      9.3934E+01      1.0000E+00
      1.5495E-02      1.0155E+00      1.0008E+00      1.0320E+00      1.5246E-02      8.7969E+01      9.2061E+01      1.0000E+00
      1.6176E-02      1.0455E+00      1.0096E+00      1.0671E+00      1.5467E-02      8.2296E+01      9.6301E+01      1.0000E+00
      1.3859E-02      1.4575E+00      1.2244E+00      1.7916E+00      8.4182E-03      6.6076E+01      1.2399E+02      1.0000E+00
      1.0303E-02      1.2881E+00      1.1032E+00      1.6090E+00      6.7562E-03      7.3196E+01      1.1363E+02      1.0000E+00
      1.3820E-02      1.6842E+00      1.2664E+00      2.3331E+00      7.4102E-03      6.1261E+01      1.2238E+02      1.0000E+00
      1.4618E-02      1.0207E+00      1.0023E+00      1.0648E+00      1.4137E-02      8.7839E+01      9.1553E+01      1.0000E+00
      1.4298E-02      1.1153E+00      1.0368E+00      1.2865E+00      1.2423E-02      7.9033E+01      1.0161E+02      1.0000E+00
      6.4958E-03      1.4541E+00      1.2833E+00      1.9383E+00      4.0885E-03      6.1416E+01      1.2349E+02      1.0000E+00
      8.2051E-03      1.4121E+00      1.2810E+00      1.6085E+00      5.0601E-03      6.4060E+01      1.2834E+02      1.0000E+00
      4.4383E-03      1.1779E+00      1.1053E+00      1.3159E+00      3.6902E-03      6.4814E+01      1.0818E+02      1.0000E+00
      6.3863E-03      1.6580E+00      1.5382E+00      2.2504E+00      3.2052E-03      5.4876E+01      1.3521E+02      1.0000E+00
      3.3426E-03      1.1098E+00      1.0171E+00      1.2181E+00      2.8448E-03      8.2994E+01      1.0016E+02      1.0000E+00
      5.0278E-03      1.5655E+00      1.3425E+00      1.9877E+00      3.2536E-03      5.2053E+01      1.2463E+02      1.0000E+00
      3.2188E-03      1.3531E+00      1.1536E+00      1.7434E+00      2.1538E-03      6.9965E+01      1.1627E+02      1.0000E+00
      3.6398E-03      1.0804E+00      1.0130E+00      1.1259E+00      3.3859E-03      8.1792E+01      9.6085E+01      1.0000E+00
      4.1351E-03      1.0859E+00      1.0096E+00      1.1482E+00      3.9461E-03      8.6348E+01      9.2502E+01      1.0000E+00
      2.3940E-02      1.0606E+00      1.0185E+00      1.1094E+00      2.2204E-02      7.9139E+01      9.6747E+01      1.0000E+00
      2.4079E-02      1.2149E+00      1.0614E+00      1.4045E+00      1.7749E-02      7.0877E+01      1.0150E+02      1.0000E+00
      2.1085E-02      1.1518E+00      1.0828E+00      1.2018E+00      1.8162E-02      7.1723E+01      1.1236E+02      1.0000E+00
      1.9075E-02      1.0985E+00      1.0237E+00      1.1514E+00      1.7629E-02      7.8609E+01      1.0071E+02      1.0000E+00
      1.5595E-02      1.0524E+00      1.0108E+00      1.0776E+00      1.4759E-02      8.3307E+01      9.8364E+01      1.0000E+00
      1.9034E-02      1.1981E+00      1.0371E+00      1.3518E+00      1.6152E-02      7.9112E+01      1.0109E+02      1.0000E+00
      1.4501E-02      1.0436E+00      1.0087E+00      1.0911E+00      1.3860E-02      8.3223E+01      9.6842E+01      1.0000E+00
      7.6277E-03      1.6377E+00      1.7992E+00      2.3366E+00      3.5351E-03      5.1756E+01      1.4028E+02      1.0000E+00
      5.5273E-03      1.5082E+00      1.3873E+00      1.9656E+00      3.4282E-03      4.8567E+01      1.2091E+02      1.0000E+00
      3.4810E-03      1.0826E+00      1.0153E+00      1.1996E+00      2.9778E-03      8.2293E+01      9.8809E+01      1.0000E+00
      7.8200E-03      1.7528E+00      1.5173E+00      2.4594E+00      3.7442E-03      5.5271E+01      1.3407E+02      1.0000E+00
      3.5051E-03      1.0828E+00      1.0392E+00      1.1830E+00      3.0393E-03      7.9988E+01      1.0509E+02      1.0000E+00
      5.5287E-03      1.5247E+00      1.3158E+00      1.9890E+00      3.4682E-03      5.2663E+01      1.2084E+02      1.0000E+00
      4.3090E-03      1.0644E+00      1.0091E+00      1.1187E+00      4.1436E-03      8.3677E+01      9.4623E+01      1.0000E+00
      4.0655E-03      1.0448E+00      1.0060E+00      1.0600E+00      3.9514E-03      8.4492E+01      9.5394E+01      1.0000E+00
      4.0340E-03      1.0189E+00      1.0008E+00      1.0341E+00      4.0086E-03      8.8585E+01      9.1261E+01      1.0000E+00
      4.0514E-03      1.0460E+00      1.0026E+00      1.0675E+00      3.9253E-03      8.8197E+01      9.2222E+01      1.0000E+00
      4.3502E-03      1.0571E+00      1.0051E+00      1.1059E+00      4.1908E-03      8.7632E+01      9.1907E+01      1.0000E+00
      4.0314E-03      1.0160E+00      1.0005E+00      1.0299E+00      4.0126E-03      8.9677E+01      9.0467E+01      1.0000E+00
      8.2285E-03      1.6076E+00      1.7553E+00      2.1929E+00      3.8791E-03      5.2598E+01      1.4065E+02      1.0000E+00
      5.7467E-03      1.5175E+00      1.4048E+00      2.0034E+00      3.5380E-03      4.8633E+01      1.2165E+02      1.0000E+00
      3.8944E-03      1.1101E+00      1.0297E+00      1.2901E+00      3.2744E-03      7.9863E+01      9.7699E+01      1.0000E+00
      1.0422E-02      1.1349E+00      1.0532E+00      1.2301E+00      8.3453E-03      8.1408E+01      1.0829E+02      1.0000E+00
      6.0881E-03      1.2125E+00      1.0809E+00      1.3551E+00      4.5192E-03      7.9283E+01      1.1226E+02      1.0000E+00
      4.3156E-03      1.0629E+00      1.0102E+00      1.1103E+00      4.0604E-03      8.2385E+01      9.4993E+01      1.0000E+00
      3.8413E-03      1.0772E+00      1.0199E+00      1.1579E+00      3.4621E-03      7.8772E+01      9.6056E+01      1.0000E+00
      2.8948E-03      1.3427E+00      1.1165E+00      1.5527E+00      1.9266E-03      7.1824E+01      1.1257E+02      1.0000E+00
      1.5015E-02      1.0139E+00      1.0029E+00      1.0199E+00      1.4967E-02      8.5772E+01      9.4215E+01      1.0000E+00
      1.5161E-02      1.0271E+00      1.0037E+00      1.0529E+00      1.4963E-02      8.6359E+01      9.4285E+01      1.0000E+00
      1.5273E-02      1.0260E+00      1.0034E+00      1.0490E+00      1.4832E-02      8.5944E+01      9.4600E+01      1.0000E+00
      1.6183E-02      1.0156E+00      1.0004E+00      1.0228E+00      1.6000E-02      8.8848E+01      9.1164E+01      1.0000E+00
      1.5146E-02      1.0589E+00      1.0064E+00      1.0864E+00      1.4677E-02      8.5633E+01      9.4593E+01      1.0000E+00
      1.7147E-02      1.0367E+00      1.0130E+00      1.1309E+00      1.6027E-02      8.4365E+01      9.6376E+01      1.0000E+00
      1.6986E-02      1.0340E+00      1.0013E+00      1.0635E+00      1.6441E-02      8.8008E+01      9.2142E+01      1.0000E+00
      2.0162E-02      1.0561E+00      1.0056E+00      1.1117E+00      1.8160E-02      8.4503E+01      9.5905E+01      1.0000E+00
      1.6190E-02      1.2212E+00      1.0677E+00      1.4059E+00      1.3431E-02      7.1801E+01      1.0798E+02      1.0000E+00
      2.0041E-02      1.1216E+00      1.0334E+00      1.2216E+00      1.6653E-02      7.5488E+01      9.5900E+01      1.0000E+00
      1.9925E-02      1.1212E+00      1.0196E+00      1.2179E+00      1.7970E-02      8.2904E+01      9.4512E+01      1.0000E+00
      1.3867E-02      1.1106E+00      1.0495E+00      1.2165E+00      1.1021E-02      8.3938E+01      1.0765E+02      1.0000E+00
      2.4143E-02      1.6501E+00      1.4773E+00      2.2483E+00      1.3338E-02      5.3881E+01      1.3171E+02      1.0000E+00
      2.0838E-02      1.4645E+00      1.2739E+00      1.8577E+00      1.4017E-02      5.5196E+01      1.2064E+02      1.0000E+00
      6.6390E-02      1.2301E+00      1.2471E+00      1.3049E+00      4.5160E-02      6.9431E+01      1.2667E+02      1.0000E+00
      1.2775E-02      1.2105E+00      1.0844E+00      1.5030E+00      8.4809E-03      7.2691E+01      1.1164E+02      1.0000E+00
      1.2711E-02      1.4850E+00      1.3325E+00      1.8237E+00      7.6827E-03      4.8669E+01      1.1034E+02      1.0000E+00
      2.1761E-02      1.7143E+00      1.6136E+00      2.3063E+00      1.0280E-02      5.3479E+01      1.3802E+02      1.0000E+00
      3.7975E-02      1.0501E+00      1.0118E+00      1.1119E+00      3.5433E-02      8.5059E+01      9.8079E+01      1.0000E+00
      5.1368E-02      1.1985E+00      1.0574E+00      1.3156E+00      4.3533E-02      7.4123E+01      1.0741E+02      1.0000E+00
      2.4623E-02      1.1604E+00      1.0693E+00      1.3444E+00      2.0655E-02      7.1544E+01      1.0643E+02      1.0000E+00
      2.8955E-02      1.0825E+00      1.0156E+00      1.1797E+00      2.6011E-02      8.0414E+01      9.7193E+01      1.0000E+00
      2.1447E-02      1.0661E+00      1.0158E+00      1.1392E+00      1.9225E-02      7.9878E+01      9.5293E+01      1.0000E+00
      1.7795E-02      1.0462E+00      1.0078E+00      1.0973E+00      1.6958E-02      8.5996E+01      9.6378E+01      1.0000E+00
      1.8209E-02      1.0339E+00      1.0054E+00      1.0771E+00      1.7473E-02      8.4221E+01      9.4144E+01      1.0000E+00
      2.5756E-02      1.4445E+00      1.2764E+00      1.9585E+00      1.5300E-02      6.4488E+01      1.2379E+02      1.0000E+00
      1.5151E-02      1.1555E+00      1.0728E+00      1.2700E+00      1.1790E-02      7.8990E+01      1.1117E+02      1.0000E+00
      2.3207E-02      1.5019E+00      1.3086E+00      1.9715E+00      1.4643E-02      5.8788E+01      1.2504E+02      1.0000E+00
      1.7966E-02      1.0301E+00      1.0015E+00      1.0518E+00      1.7725E-02      8.8746E+01      9.1547E+01      1.0000E+00
      2.0121E-02      1.0506E+00      1.0061E+00      1.1138E+00      1.8403E-02      8.4321E+01      9.4091E+01      1.0000E+00
      3.9759E-03      1.0088E+00      1.0002E+00      1.0173E+00      3.9720E-03      8.9672E+01      9.0287E+01      1.0000E+00
      3.9801E-03      1.0094E+00      1.0002E+00      1.0187E+00      3.9787E-03      8.9866E+01      9.0148E+01      1.0000E+00
      3.9752E-03      1.0076E+00      1.0001E+00      1.0158E+00      3.9717E-03      8.9931E+01      9.0053E+01      1.0000E+00
      3.9801E-03      1.0094E+00      1.0002E+00      1.0187E+00      3.9779E-03      8.9906E+01      9.0119E+01      1.0000E+00
      4.0636E-03      1.0209E+00      1.0008E+00      1.0411E+00      4.0599E-03      8.9789E+01      9.0224E+01      1.0000E+00
      4.2514E-03      1.0461E+00      1.0038E+00      1.0913E+00      4.2440E-03      8.9623E+01      9.0419E+01      1.0000E+00
      4.0636E-03      1.0209E+00      1.0008E+00      1.0411E+00      4.0598E-03      8.9792E+01      9.0221E+01      1.0000E+00
      4.2514E-03      1.0461E+00      1.0038E+00      1.0913E+00      4.2440E-03      8.9624E+01      9.0418E+01      1.0000E+00
      4.5619E-03      1.0937E+00      1.0144E+00      1.1848E+00      4.5262E-03      8.9387E+01      9.0377E+01      1.0000E+00
      4.8016E-03      1.2884E+00      1.0991E+00      1.4119E+00      4.1512E-03      7.3460E+01      1.0773E+02      1.0000E+00
      4.5619E-03      1.0937E+00      1.0144E+00      1.1848E+00      4.5262E-03      8.9388E+01      9.0376E+01      1.0000E+00
      4.8016E-03      1.2884E+00      1.0991E+00      1.4119E+00      4.1512E-03      7.3460E+01      1.0773E+02      1.0000E+00
      2.3044E-03      1.3554E+00      1.2098E+00      1.9155E+00      1.3765E-03      7.2144E+01      1.1834E+02      1.0000E+00
      2.3044E-03      1.3554E+00      1.2098E+00      1.9155E+00      1.3765E-03      7.2145E+01      1.1834E+02      1.0000E+00
      1.5750E-02      1.1153E+00      1.0305E+00      1.2397E+00      1.4537E-02      7.9186E+01      9.6858E+01      1.0000E+00
      1.4641E-02      1.0748E+00      1.0126E+00      1.1368E+00      1.4055E-02      8.2575E+01      9.5673E+01      1.0000E+00
      1.9787E-02      1.5292E+00      1.3870E+00      1.9847E+00      1.2589E-02      5.0177E+01      1.2390E+02      1.0000E+00
      1.2446E-02      1.0822E+00      1.0144E+00      1.1874E+00      1.0724E-02      8.3324E+01      9.9158E+01      1.0000E+00
      2.5410E-02      1.6981E+00      1.6430E+00      2.3409E+00      1.2768E-02      5.1339E+01      1.3694E+02      1.0000E+00
      1.5516E-02      1.0571E+00      1.0040E+00      1.0821E+00      1.5002E-02      8.7311E+01      9.2592E+01      1.0000E+00
      1.8876E-02      1.0560E+00      1.0064E+00      1.1190E+00      1.6958E-02      8.3937E+01      9.5597E+01      1.0000E+00
      1.2806E-02      1.0821E+00      1.0416E+00      1.1646E+00      1.0967E-02      8.1424E+01      1.0604E+02      1.0000E+00
      2.4099E-02      1.5984E+00      1.4198E+00      2.1445E+00      1.3001E-02      5.7634E+01      1.3116E+02      1.0000E+00
      2.1910E-02      1.4917E+00      1.2932E+00      2.0248E+00      1.3875E-02      5.9892E+01      1.2279E+02      1.0000E+00
      6.3093E-02      1.1488E+00      1.0476E+00      1.2959E+00      5.3307E-02      7.6890E+01      1.0579E+02      1.0000E+00
      5.9091E-02      1.1247E+00      1.0279E+00      1.2317E+00      5.0449E-02      8.1488E+01      1.0297E+02      1.0000E+00
      6.7135E-02      1.0379E+00      1.0069E+00      1.1054E+00      6.3458E-02      8.4933E+01      9.3544E+01      1.0000E+00
      7.1943E-02      1.0585E+00      1.0088E+00      1.1209E+00      6.6001E-02      8.2553E+01      9.2867E+01      1.0000E+00
      5.5461E-02      1.1663E+00      1.1349E+00      1.3108E+00      3.9705E-02      7.7667E+01      1.1803E+02      1.0000E+00
      6.9817E-02      1.0519E+00      1.0171E+00      1.1329E+00      6.4873E-02      8.1855E+01      9.9066E+01      1.0000E+00
      2.1444E-02      1.4622E+00      1.2850E+00      1.9733E+00      1.3011E-02      6.2623E+01      1.2386E+02      1.0000E+00
      5.4925E-02      1.1848E+00      1.1618E+00      1.3242E+00      3.7417E-02      7.6563E+01      1.2056E+02      1.0000E+00
      7.0020E-02      1.0648E+00      1.0169E+00      1.1446E+00      6.4914E-02      8.1402E+01      9.9188E+01      1.0000E+00
      2.0787E-02      1.4856E+00      1.2860E+00      1.9952E+00      1.2606E-02      6.1909E+01      1.2404E+02      1.0000E+00
      7.0370E-02      1.0268E+00      1.0048E+00      1.0631E+00      6.7038E-02      8.4423E+01      9.3531E+01      1.0000E+00
      7.3358E-02      1.0487E+00      1.0076E+00      1.0976E+00      6.7642E-02      8.2975E+01      9.2614E+01      1.0000E+00
      6.2270E-02      1.1442E+00      1.0422E+00      1.2641E+00      5.2782E-02      7.7976E+01      1.0563E+02      1.0000E+00
      6.5151E-02      1.1279E+00      1.0355E+00      1.2767E+00      5.6185E-02      7.8805E+01      1.0292E+02      1.0000E+00
      2.7379E-02      1.7415E+00      1.3759E+00      2.4912E+00      1.4058E-02      5.8464E+01      1.2757E+02      1.0000E+00
      2.6168E-02      1.5930E+00      1.3224E+00      2.1355E+00      1.5185E-02      5.9153E+01      1.2625E+02      1.0000E+00
      1.3340E-02      1.0745E+00      1.0431E+00      1.1410E+00      1.1851E-02      7.9298E+01      1.0619E+02      1.0000E+00
      1.5482E-02      1.4025E+00      1.2036E+00      1.8748E+00      1.0359E-02      6.5055E+01      1.1766E+02      1.0000E+00
      1.4787E-02      1.0217E+00      1.0023E+00      1.0417E+00      1.4298E-02      8.8001E+01      9.3848E+01      1.0000E+00
      2.6281E-02      1.7252E+00      1.7671E+00      2.3492E+00      1.2572E-02      4.9447E+01      1.4038E+02      1.0000E+00
      1.2791E-02      1.0905E+00      1.0200E+00      1.2209E+00      1.0858E-02      8.2573E+01      9.9797E+01      1.0000E+00
      2.0285E-02      1.4557E+00      1.3533E+00      1.9411E+00      1.2883E-02      5.1833E+01      1.1982E+02      1.0000E+00
      1.5195E-02      1.0405E+00      1.0057E+00      1.0655E+00      1.4705E-02      8.4359E+01      9.5699E+01      1.0000E+00
      1.6604E-02      1.0444E+00      1.0050E+00      1.0714E+00      1.6068E-02      8.5042E+01      9.4011E+01      1.0000E+00
      1.5497E-02      1.4072E+00      1.2078E+00      1.8806E+00      1.0333E-02      6.4782E+01      1.1802E+02      1.0000E+00
      1.4800E-02      1.0207E+00      1.0023E+00      1.0408E+00      1.4304E-02      8.8094E+01      9.3819E+01      1.0000E+00
      2.7496E-02      1.7314E+00      1.3702E+00      2.4866E+00      1.4193E-02      5.8757E+01      1.2712E+02      1.0000E+00
      1.3362E-02      1.0754E+00      1.0429E+00      1.1436E+00      1.1871E-02      7.9376E+01      1.0611E+02      1.0000E+00
      2.6275E-02      1.6014E+00      1.3326E+00      2.1443E+00      1.5171E-02      5.8682E+01      1.2678E+02      1.0000E+00
      1.5203E-02      1.0405E+00      1.0057E+00      1.0658E+00      1.4714E-02      8.4358E+01      9.5676E+01      1.0000E+00
      1.6615E-02      1.0446E+00      1.0050E+00      1.0719E+00      1.6074E-02      8.5018E+01      9.4021E+01      1.0000E+00
      1.2808E-02      1.0904E+00      1.0200E+00      1.2212E+00      1.0884E-02      8.2673E+01      9.9790E+01      1.0000E+00
      2.6332E-02      1.7278E+00      1.7653E+00      2.3498E+00      1.2607E-02      4.9405E+01      1.4036E+02      1.0000E+00
      2.0306E-02      1.4563E+00      1.3537E+00      1.9423E+00      1.2892E-02      5.1823E+01      1.1985E+02      1.0000E+00
      6.2776E-02      1.1402E+00      1.0426E+00      1.2650E+00      5.3105E-02      7.8184E+01      1.0559E+02      1.0000E+00
      6.5344E-02      1.1260E+00      1.0360E+00      1.2764E+00      5.6307E-02      7.8867E+01      1.0294E+02      1.0000E+00
      6.7478E-02      1.1173E+00      1.0853E+00      1.2870E+00      5.6493E-02      7.3653E+01      1.1010E+02      1.0000E+00
      6.9406E-02      1.1613E+00      1.0525E+00      1.3648E+00      5.6385E-02      7.5105E+01      9.6424E+01      1.0000E+00
      1.9882E-02      1.4559E+00      1.3032E+00      1.9424E+00      1.2822E-02      5.4946E+01      1.1939E+02      1.0000E+00
      2.6551E-02      1.8070E+00      1.5601E+00      2.3527E+00      1.3322E-02      5.1316E+01      1.3651E+02      1.0000E+00
      1.3050E-02      1.1025E+00      1.0402E+00      1.2442E+00      1.1219E-02      8.2306E+01      1.0410E+02      1.0000E+00
      1.6635E-02      1.0426E+00      1.0023E+00      1.0602E+00      1.6092E-02      8.7380E+01      9.2230E+01      1.0000E+00
      1.5576E-02      1.0165E+00      1.0024E+00      1.0516E+00      1.5072E-02      8.7522E+01      9.3298E+01      1.0000E+00
      1.4961E-02      1.0376E+00      1.0036E+00      1.0548E+00      1.4525E-02      8.6227E+01      9.4455E+01      1.0000E+00
      2.6635E-02      1.7004E+00      1.7015E+00      2.2121E+00      1.3851E-02      4.8802E+01      1.3923E+02      1.0000E+00
      1.3532E-02      1.1376E+00      1.0355E+00      1.2943E+00      1.1477E-02      8.4574E+01      1.0197E+02      1.0000E+00
      2.4050E-02      1.3477E+00      1.3471E+00      1.9770E+00      1.6017E-02      6.0137E+01      1.1879E+02      1.0000E+00
      1.6377E-02      1.0298E+00      1.0060E+00      1.0919E+00      1.5768E-02      8.5979E+01      9.3741E+01      1.0000E+00
      1.5879E-02      1.0381E+00      1.0028E+00      1.0768E+00      1.5164E-02      8.8032E+01      9.3197E+01      1.0000E+00
      1.9947E-02      1.1229E+00      1.0262E+00      1.2203E+00      1.7783E-02      7.8290E+01      9.7097E+01      1.0000E+00
      1.6851E-02      1.0608E+00      1.0070E+00      1.0915E+00      1.6240E-02      8.5471E+01      9.5133E+01      1.0000E+00
      1.1831E-02      1.1191E+00      1.0236E+00      1.1833E+00      1.0658E-02      8.0241E+01      1.0128E+02      1.0000E+00
      7.4947E-03      1.1927E+00      1.0459E+00      1.3265E+00      6.3646E-03      7.5690E+01      1.0306E+02      1.0000E+00
      4.5824E-03      1.1472E+00      1.0309E+00      1.2828E+00      3.9893E-03      7.7633E+01      1.0168E+02      1.0000E+00
      3.0634E-03      1.3477E+00      1.3051E+00      1.6154E+00      1.8291E-03      6.5960E+01      1.2898E+02      1.0000E+00
      1.5656E-02      1.1630E+00      1.0669E+00      1.3406E+00      1.3321E-02      7.3037E+01      1.0733E+02      1.0000E+00
      1.6270E-02      1.1399E+00      1.0616E+00      1.2905E+00      1.3930E-02      7.4296E+01      1.0740E+02      1.0000E+00
      7.1224E-03      1.6468E+00      1.5065E+00      2.2278E+00      3.8039E-03      5.4068E+01      1.3344E+02      1.0000E+00
      3.6571E-03      1.1037E+00      1.0411E+00      1.2375E+00      3.0174E-03      8.2016E+01      1.0542E+02      1.0000E+00
      5.4735E-03      1.4559E+00      1.3267E+00      1.9022E+00      3.5982E-03      5.3396E+01      1.2114E+02      1.0000E+00
      5.2976E-03      1.4824E+00      1.3498E+00      1.9732E+00      3.3990E-03      5.2927E+01      1.2177E+02      1.0000E+00
      6.8260E-03      1.7076E+00      1.5622E+00      2.3124E+00      3.5290E-03      5.2277E+01      1.3519E+02      1.0000E+00
      3.4039E-03      1.1042E+00      1.0307E+00      1.2406E+00      2.8522E-03      8.4574E+01      1.0303E+02      1.0000E+00
      4.8796E-03      1.0807E+00      1.0192E+00      1.1576E+00      4.4463E-03      7.9136E+01      9.8852E+01      1.0000E+00
      4.5118E-03      1.1254E+00      1.0321E+00      1.2810E+00      3.8794E-03      7.7610E+01      1.0022E+02      1.0000E+00
      4.6285E-03      1.0324E+00      1.0023E+00      1.0560E+00      4.5511E-03      8.7114E+01      9.2409E+01      1.0000E+00
      4.3913E-03      1.0177E+00      1.0007E+00      1.0381E+00      4.2999E-03      8.9203E+01      9.1583E+01      1.0000E+00
      2.9888E-03      1.3416E+00      1.2399E+00      1.6527E+00      1.8541E-03      6.7895E+01      1.2472E+02      1.0000E+00
      4.5456E-03      1.0591E+00      1.0158E+00      1.1168E+00      4.1404E-03      7.9895E+01      9.5816E+01      1.0000E+00
      3.0988E-03      1.2968E+00      1.1402E+00      1.5525E+00      2.2287E-03      6.9303E+01      1.1681E+02      1.0000E+00
      4.4786E-03      1.0498E+00      1.0042E+00      1.0726E+00      4.3451E-03      8.6292E+01      9.3499E+01      1.0000E+00
      4.3820E-03      1.0188E+00      1.0006E+00      1.0302E+00      4.3257E-03      8.9003E+01      9.1319E+01      1.0000E+00
      4.0868E-03      1.0389E+00      1.0025E+00      1.0703E+00      3.9243E-03      8.6436E+01      9.2887E+01      1.0000E+00
      4.4278E-03      1.0394E+00      1.0078E+00      1.0911E+00      4.1825E-03      8.2909E+01      9.5614E+01      1.0000E+00
      4.6565E-03      1.0695E+00      1.0186E+00      1.1408E+00      4.1950E-03      7.9053E+01      9.6698E+01      1.0000E+00
      3.1142E-03      1.3154E+00      1.1534E+00      1.5785E+00      2.2031E-03      6.8381E+01      1.1802E+02      1.0000E+00
      3.5803E-03      1.2544E+00      1.2793E+00      1.4039E+00      2.1680E-03      7.1637E+01      1.2854E+02      1.0000E+00
      3.0636E-03      1.3483E+00      1.3050E+00      1.6157E+00      1.8293E-03      6.5946E+01      1.2898E+02      1.0000E+00
      1.1803E-02      1.1163E+00      1.0226E+00      1.1826E+00      1.0636E-02      8.0411E+01      1.0112E+02      1.0000E+00
      4.5836E-03      1.1454E+00      1.0303E+00      1.2815E+00      3.9949E-03      7.7719E+01      1.0166E+02      1.0000E+00
      7.4892E-03      1.1894E+00      1.0447E+00      1.3244E+00      6.3694E-03      7.5835E+01      1.0298E+02      1.0000E+00
      2.9902E-03      1.3419E+00      1.2397E+00      1.6532E+00      1.8547E-03      6.7904E+01      1.2471E+02      1.0000E+00
      3.1015E-03      1.2966E+00      1.1399E+00      1.5531E+00      2.2295E-03      6.9353E+01      1.1678E+02      1.0000E+00
      4.5525E-03      1.0588E+00      1.0159E+00      1.1149E+00      4.1505E-03      7.9861E+01      9.5846E+01      1.0000E+00
      4.5147E-03      1.1248E+00      1.0320E+00      1.2806E+00      3.8836E-03      7.7666E+01      1.0019E+02      1.0000E+00
      4.8810E-03      1.0804E+00      1.0193E+00      1.1591E+00      4.4481E-03      7.9101E+01      9.8978E+01      1.0000E+00
      4.3988E-03      1.0199E+00      1.0008E+00      1.0409E+00      4.3051E-03      8.9034E+01      9.1472E+01      1.0000E+00
      4.6340E-03      1.0361E+00      1.0028E+00      1.0610E+00      4.5562E-03      8.6927E+01      9.2710E+01      1.0000E+00
      3.1199E-03      1.3146E+00      1.1540E+00      1.5789E+00      2.2089E-03      6.8315E+01      1.1802E+02      1.0000E+00
      4.6842E-03      1.0741E+00      1.0183E+00      1.1467E+00      4.2087E-03      7.9182E+01      9.6632E+01      1.0000E+00
      3.6477E-03      1.2526E+00      1.2795E+00      1.3757E+00      2.2281E-03      7.1595E+01      1.2859E+02      1.0000E+00
      4.4072E-03      1.0189E+00      1.0007E+00      1.0365E+00      4.3581E-03      8.9492E+01      9.0773E+01      1.0000E+00
      4.4785E-03      1.0540E+00      1.0043E+00      1.0803E+00      4.3577E-03      8.7093E+01      9.2974E+01      1.0000E+00
      4.5574E-03      1.0549E+00      1.0091E+00      1.1271E+00      4.2123E-03      8.2965E+01      9.3572E+01      1.0000E+00
      4.0363E-03      1.0531E+00      1.0036E+00      1.0849E+00      3.8582E-03      8.7457E+01      9.2609E+01      1.0000E+00
      1.5474E-02      1.1700E+00      1.0630E+00      1.3398E+00      1.3215E-02      7.3046E+01      1.0702E+02      1.0000E+00
      1.5635E-02      1.1648E+00      1.0598E+00      1.3048E+00      1.3530E-02      7.2506E+01      1.0717E+02      1.0000E+00
      3.6575E-03      1.1056E+00      1.0406E+00      1.2373E+00      3.0174E-03      8.2039E+01      1.0540E+02      1.0000E+00
      7.1065E-03      1.6266E+00      1.4830E+00      2.2091E+00      3.8497E-03      5.4783E+01      1.3246E+02      1.0000E+00
      5.4748E-03      1.4720E+00      1.3386E+00      1.9157E+00      3.5962E-03      5.2889E+01      1.2214E+02      1.0000E+00
      5.3041E-03      1.4961E+00      1.3454E+00      1.9798E+00      3.3864E-03      5.2700E+01      1.2184E+02      1.0000E+00
      3.3025E-03      1.0849E+00      1.0407E+00      1.1919E+00      2.7881E-03      8.1588E+01      1.0561E+02      1.0000E+00
      6.8404E-03      1.6728E+00      1.5036E+00      2.3214E+00      3.6180E-03      5.4076E+01      1.3255E+02      1.0000E+00
      1.6646E-02      1.0429E+00      1.0023E+00      1.0600E+00      1.6102E-02      8.7437E+01      9.2149E+01      1.0000E+00
      1.4920E-02      1.0359E+00      1.0032E+00      1.0514E+00      1.4483E-02      8.6407E+01      9.4265E+01      1.0000E+00
      1.5557E-02      1.0179E+00      1.0020E+00      1.0514E+00      1.5067E-02      8.7705E+01      9.3036E+01      1.0000E+00
      1.9917E-02      1.4558E+00      1.3017E+00      1.9411E+00      1.2842E-02      5.4964E+01      1.1931E+02      1.0000E+00
      1.3049E-02      1.1008E+00      1.0409E+00      1.2401E+00      1.1207E-02      8.2066E+01      1.0435E+02      1.0000E+00
      2.6578E-02      1.8070E+00      1.5565E+00      2.3579E+00      1.3353E-02      5.1380E+01      1.3634E+02      1.0000E+00
      1.5657E-02      1.0330E+00      1.0019E+00      1.0639E+00      1.4952E-02      8.7451E+01      9.2618E+01      1.0000E+00
      1.6229E-02      1.0277E+00      1.0060E+00      1.0835E+00      1.5599E-02      8.5232E+01      9.4228E+01      1.0000E+00
      1.5995E-02      1.0563E+00      1.0099E+00      1.0858E+00      1.5102E-02      8.3530E+01      9.7994E+01      1.0000E+00
      1.9503E-02      1.1216E+00      1.0314E+00      1.2036E+00      1.7242E-02      7.6577E+01      9.8742E+01      1.0000E+00
      1.3481E-02      1.1317E+00      1.0331E+00      1.2858E+00      1.1453E-02      8.4196E+01      1.0140E+02      1.0000E+00
      2.6427E-02      1.6870E+00      1.6908E+00      2.1987E+00      1.3788E-02      4.9192E+01      1.3896E+02      1.0000E+00
      2.3666E-02      1.3554E+00      1.3540E+00      1.9691E+00      1.5814E-02      5.9377E+01      1.1963E+02      1.0000E+00
      6.7473E-02      1.1175E+00      1.0872E+00      1.2889E+00      5.6365E-02      7.3562E+01      1.1030E+02      1.0000E+00
      6.9010E-02      1.1715E+00      1.0547E+00      1.3740E+00      5.5751E-02      7.4263E+01      9.6202E+01      1.0000E+00
      8.7109E-02      1.1827E+00      1.0813E+00      1.2103E+00      8.1355E-02      7.0343E+01      1.1128E+02      1.0000E+00
      5.6805E-02      1.3293E+00      1.1058E+00      1.5459E+00      3.8615E-02      7.0451E+01      1.0932E+02      1.0000E+00
      2.0401E-02      1.5104E+00      1.4772E+00      1.9400E+00      1.1790E-02      5.5317E+01      1.3326E+02      1.0000E+00
      1.5168E-02      1.2633E+00      1.0884E+00      1.4614E+00      1.1228E-02      7.4519E+01      1.1257E+02      1.0000E+00
      1.6073E-02      1.2899E+00      1.1838E+00      1.3316E+00      1.4295E-02      5.8405E+01      1.1729E+02      1.0000E+00
      1.7255E-02      1.1922E+00      1.0741E+00      1.3850E+00      1.2480E-02      6.8601E+01      1.0058E+02      1.0000E+00
      6.0109E-03      1.5531E+00      1.4683E+00      2.0401E+00      3.1408E-03      5.8090E+01      1.3395E+02      1.0000E+00
      3.8948E-03      1.2254E+00      1.0860E+00      1.3481E+00      3.1272E-03      7.1936E+01      1.1249E+02      1.0000E+00
      4.2647E-03      1.2632E+00      1.1818E+00      1.2889E+00      3.6954E-03      5.8019E+01      1.1635E+02      1.0000E+00
      4.3443E-03      1.1534E+00      1.0515E+00      1.3154E+00      3.5432E-03      7.2193E+01      1.0134E+02      1.0000E+00
      2.6799E-03      1.3670E+00      1.3280E+00      1.6558E+00      1.5147E-03      6.6716E+01      1.3032E+02      1.0000E+00
      3.2441E-03      1.3082E+00      1.4132E+00      1.4417E+00      1.8629E-03      6.6910E+01      1.3479E+02      1.0000E+00
      4.0990E-03      1.0810E+00      1.0134E+00      1.1532E+00      3.7063E-03      8.5923E+01      9.8949E+01      1.0000E+00
      2.9379E-03      1.3446E+00      1.3916E+00      1.3829E+00      1.8423E-03      6.1448E+01      1.3404E+02      1.0000E+00
      1.5111E-02      1.1630E+00      1.0241E+00      1.2901E+00      1.2885E-02      8.1447E+01      9.8952E+01      1.0000E+00
      1.1894E-02      1.3929E+00      1.4529E+00      1.5103E+00      7.5558E-03      5.6194E+01      1.3547E+02      1.0000E+00
      3.1739E-03      1.1037E+00      1.0183E+00      1.2375E+00      2.6879E-03      8.0527E+01      9.8024E+01      1.0000E+00
      6.7889E-03      1.6031E+00      1.6196E+00      2.2732E+00      3.6886E-03      5.1797E+01      1.3420E+02      1.0000E+00
      4.9136E-03      1.6725E+00      1.5327E+00      2.1198E+00      2.9259E-03      4.3229E+01      1.2777E+02      1.0000E+00
      5.4162E-02      1.1933E+00      1.0565E+00      1.3742E+00      4.1314E-02      7.9998E+01      1.0764E+02      1.0000E+00
      3.0655E-02      1.5460E+00      1.8515E+00      1.8326E+00      1.5688E-02      4.9562E+01      1.4439E+02      1.0000E+00
      1.1816E-02      1.1507E+00      1.0357E+00      1.2972E+00      9.4294E-03      7.5172E+01      9.8498E+01      1.0000E+00
      2.1776E-02      1.5780E+00      1.6306E+00      2.1739E+00      1.2468E-02      5.0435E+01      1.3443E+02      1.0000E+00
      1.7357E-02      1.5879E+00      1.4898E+00      1.9950E+00      1.0940E-02      4.5204E+01      1.2708E+02      1.0000E+00
      8.3323E-02      1.3548E+00      1.2477E+00      1.3422E+00      6.5817E-02      5.7882E+01      1.2650E+02      1.0000E+00
      3.5327E-02      1.6787E+00      1.2952E+00      1.9494E+00      2.3286E-02      5.9396E+01      1.1875E+02      1.0000E+00
      1.6410E-02      1.5855E+00      1.2921E+00      2.1098E+00      9.6397E-03      5.3874E+01      1.1038E+02      1.0000E+00
      1.5351E-02      1.2341E+00      1.1193E+00      1.4980E+00      1.2768E-02      6.7943E+01      1.0468E+02      1.0000E+00
      1.0703E-02      1.1746E+00      1.0875E+00      1.4524E+00      9.6527E-03      7.9158E+01      1.0017E+02      1.0000E+00
      6.6469E-03      1.3393E+00      1.1648E+00      1.6829E+00      4.6213E-03      7.7822E+01      1.1596E+02      1.0000E+00
      8.2643E-03      1.3560E+00      1.1707E+00      1.8967E+00      5.4846E-03      7.0213E+01      1.1292E+02      1.0000E+00
      1.3264E-02      1.1649E+00      1.0552E+00      1.2895E+00      1.1342E-02      7.2226E+01      1.0531E+02      1.0000E+00
      1.0282E-02      1.1027E+00      1.0917E+00      1.2866E+00      8.4162E-03      7.5111E+01      1.1078E+02      1.0000E+00
      1.9710E-02      2.0794E+00      1.7072E+00      2.4491E+00      1.0389E-02      4.2845E+01      1.4074E+02      1.0000E+00
      4.7393E-02      1.2703E+00      1.3591E+00      2.1931E+00      2.9551E-02      7.1034E+01      1.0848E+02      1.0000E+00
      7.1377E-02      1.1570E+00      1.0466E+00      1.2241E+00      6.3607E-02      7.4542E+01      1.0444E+02      1.0000E+00
      6.3958E-02      1.0075E+00      1.0013E+00      1.0179E+00      6.3160E-02      8.7116E+01      9.2455E+01      1.0000E+00
      6.3547E-02      1.0156E+00      1.0007E+00      1.0260E+00      6.2995E-02      8.8332E+01      9.1457E+01      1.0000E+00
      6.5578E-02      1.0205E+00      1.0008E+00      1.0403E+00      6.4273E-02      8.9384E+01      9.1668E+01      1.0000E+00
      6.6481E-02      1.0135E+00      1.0006E+00      1.0339E+00      6.5447E-02      8.8886E+01      9.0654E+01      1.0000E+00
      6.5711E-02      1.0103E+00      1.0001E+00      1.0174E+00      6.5055E-02      8.9346E+01      9.0500E+01      1.0000E+00
      6.6586E-02      1.0246E+00      1.0009E+00      1.0437E+00      6.5890E-02      8.9500E+01      9.0719E+01      1.0000E+00
      7.0554E-02      1.0652E+00      1.0067E+00      1.1156E+00      6.9546E-02      8.7805E+01      9.2237E+01      1.0000E+00
      8.0867E-02      1.1455E+00      1.0310E+00      1.2783E+00      7.7266E-02      8.3781E+01      9.4748E+01      1.0000E+00
      1.0845E-01      1.2943E+00      1.1156E+00      1.5886E+00      9.6899E-02      7.5040E+01      1.0078E+02      1.0000E+00
      1.0077E-01      1.5664E+00      1.5387E+00      1.7644E+00      7.1607E-02      5.6310E+01      1.3467E+02      1.0000E+00
      4.4341E-02      2.1180E+00      1.5870E+00      2.4581E+00      2.1989E-02      4.5329E+01      1.2690E+02      1.0000E+00
      2.2076E-02      1.3952E+00      1.2697E+00      1.3397E+00      1.9341E-02      5.3099E+01      1.2766E+02      1.0000E+00
      1.9006E-02      1.3511E+00      1.1462E+00      1.6930E+00      1.4407E-02      6.5985E+01      1.0408E+02      1.0000E+00
      2.5300E-02      1.3186E+00      1.3951E+00      1.8632E+00      1.7777E-02      5.7574E+01      1.2067E+02      1.0000E+00
      2.5312E-02      1.2493E+00      1.1561E+00      1.7432E+00      1.5899E-02      6.9005E+01      1.1081E+02      1.0000E+00
      9.4149E-03      1.2984E+00      1.1877E+00      1.8249E+00      5.9615E-03      6.9192E+01      1.1046E+02      1.0000E+00
      8.8986E-03      1.2534E+00      1.2506E+00      1.6932E+00      6.6316E-03      6.2672E+01      1.1407E+02      1.0000E+00
      7.5314E-03      1.3013E+00      1.2215E+00      1.9122E+00      4.5201E-03      6.4662E+01      1.0909E+02      1.0000E+00
      2.5336E-03      1.3428E+00      1.2350E+00      1.9562E+00      1.4941E-03      7.0908E+01      1.1717E+02      1.0000E+00
      2.2143E-03      1.1515E+00      1.1521E+00      1.5862E+00      1.6343E-03      7.6312E+01      1.0879E+02      1.0000E+00
      2.1352E-03      1.1901E+00      1.2058E+00      1.4737E+00      1.7155E-03      6.3982E+01      1.1682E+02      1.0000E+00
      2.1971E-03      1.2715E+00      1.1054E+00      1.6232E+00      1.6627E-03      7.0861E+01      1.0839E+02      1.0000E+00
      2.4039E-03      1.2304E+00      1.1372E+00      1.3967E+00      1.9976E-03      6.4190E+01      1.1526E+02      1.0000E+00
      2.8014E-03      1.3996E+00      1.1482E+00      1.7148E+00      2.0171E-03      6.5410E+01      1.1614E+02      1.0000E+00
      3.8336E-03      1.1919E+00      1.2056E+00      1.3099E+00      2.5110E-03      7.5498E+01      1.2396E+02      1.0000E+00
      2.8044E-03      1.3982E+00      1.1538E+00      1.7163E+00      2.0024E-03      6.5305E+01      1.1677E+02      1.0000E+00
      2.3850E-03      1.2156E+00      1.1253E+00      1.3826E+00      1.9720E-03      6.6437E+01      1.1468E+02      1.0000E+00
      2.1424E-03      1.2802E+00      1.1687E+00      1.6334E+00      1.5336E-03      6.8102E+01      1.1632E+02      1.0000E+00
      1.9773E-03      1.1984E+00      1.1015E+00      1.4814E+00      1.3413E-03      7.6383E+01      1.1336E+02      1.0000E+00
      3.9586E-03      1.1798E+00      1.0524E+00      1.3976E+00      2.8900E-03      7.2418E+01      1.0362E+02      1.0000E+00
      4.0303E-03      1.1788E+00      1.1243E+00      1.3589E+00      3.1239E-03      7.1384E+01      1.1554E+02      1.0000E+00
      6.2268E-03      1.5200E+00      1.3285E+00      2.1219E+00      3.1011E-03      6.7164E+01      1.2811E+02      1.0000E+00
      1.6691E-02      1.2106E+00      1.0864E+00      1.4161E+00      1.1522E-02      7.6811E+01      1.1284E+02      1.0000E+00
      1.6100E-02      1.1728E+00      1.1571E+00      1.3787E+00      1.2234E-02      6.9930E+01      1.1778E+02      1.0000E+00
      2.4656E-02      1.5112E+00      1.2588E+00      2.1508E+00      1.1739E-02      6.1272E+01      1.2493E+02      1.0000E+00
      5.9592E-02      1.1730E+00      1.1445E+00      1.2233E+00      4.9159E-02      6.7395E+01      1.1873E+02      1.0000E+00
      9.0737E-02      1.2193E+00      1.1401E+00      1.2752E+00      7.6391E-02      6.1404E+01      1.1260E+02      1.0000E+00
      1.2050E-01      1.3812E+00      1.2245E+00      1.5145E+00      1.0136E-01      5.6310E+01      1.1860E+02      1.0000E+00
      1.0251E-01      1.3395E+00      1.1331E+00      1.5858E+00      8.9151E-02      6.8868E+01      1.0830E+02      1.0000E+00
      8.0791E-02      1.1455E+00      1.0303E+00      1.2744E+00      7.7077E-02      8.3443E+01      9.5156E+01      1.0000E+00
      7.0580E-02      1.0635E+00      1.0063E+00      1.1129E+00      6.9561E-02      8.7762E+01      9.2202E+01      1.0000E+00
      6.6384E-02      1.0228E+00      1.0008E+00      1.0391E+00      6.5717E-02      8.9499E+01      9.0671E+01      1.0000E+00
      6.5060E-02      1.0123E+00      1.0002E+00      1.0194E+00      6.4458E-02      8.9273E+01      9.0501E+01      1.0000E+00
      6.4665E-02      1.0155E+00      1.0009E+00      1.0402E+00      6.4037E-02      8.9227E+01      9.0727E+01      1.0000E+00
      6.0791E-02      1.0468E+00      1.0030E+00      1.0710E+00      5.8956E-02      8.7187E+01      9.2377E+01      1.0000E+00
      5.2143E-02      1.0737E+00      1.0094E+00      1.1106E+00      4.8693E-02      8.4962E+01      9.6989E+01      1.0000E+00
      4.2104E-02      1.0876E+00      1.0138E+00      1.1218E+00      3.9995E-02      8.3176E+01      9.7278E+01      1.0000E+00
      3.5167E-02      1.1130E+00      1.0579E+00      1.3518E+00      2.8491E-02      8.0493E+01      1.0429E+02      1.0000E+00
      1.8147E-02      1.4739E+00      1.1668E+00      1.8989E+00      1.2308E-02      6.4528E+01      1.1410E+02      1.0000E+00
      1.5365E-02      1.2600E+00      1.1697E+00      1.5052E+00      1.1760E-02      7.4342E+01      1.1775E+02      1.0000E+00
      1.6593E-02      1.3068E+00      1.2815E+00      1.9685E+00      1.3043E-02      7.6864E+01      1.0493E+02      1.0000E+00
      1.0625E-02      1.6804E+00      1.3256E+00      1.8626E+00      7.4650E-03      5.8879E+01      1.2180E+02      1.0000E+00
      8.7329E-03      1.2117E+00      1.1659E+00      1.3400E+00      6.3922E-03      7.3153E+01      1.2057E+02      1.0000E+00
      1.3503E-02      1.0867E+00      1.0154E+00      1.1398E+00      1.2532E-02      8.1068E+01      9.8141E+01      1.0000E+00
      1.5514E-02      1.0408E+00      1.0042E+00      1.0800E+00      1.5093E-02      8.5576E+01      9.2933E+01      1.0000E+00
      1.5718E-02      1.0336E+00      1.0026E+00      1.0581E+00      1.5559E-02      8.7191E+01      9.2687E+01      1.0000E+00
      1.5438E-02      1.0238E+00      1.0017E+00      1.0509E+00      1.5123E-02      8.7313E+01      9.1698E+01      1.0000E+00
      1.5414E-02      1.0076E+00      1.0006E+00      1.0249E+00      1.5249E-02      8.8649E+01      9.1417E+01      1.0000E+00
      1.5725E-02      1.0190E+00      1.0006E+00      1.0300E+00      1.5512E-02      8.8875E+01      9.1450E+01      1.0000E+00
      1.6229E-02      1.0234E+00      1.0028E+00      1.0382E+00      1.5855E-02      8.5857E+01      9.3208E+01      1.0000E+00
      1.6374E-02      1.0356E+00      1.0049E+00      1.0847E+00      1.5858E-02      8.6824E+01      9.4259E+01      1.0000E+00
      1.7192E-02      1.0163E+00      1.0010E+00      1.0387E+00      1.6975E-02      8.8588E+01      9.1804E+01      1.0000E+00
      1.7666E-02      1.0118E+00      1.0007E+00      1.0348E+00      1.7312E-02      8.8487E+01      9.1172E+01      1.0000E+00
      1.7998E-02      1.0438E+00      1.0037E+00      1.0832E+00      1.7238E-02      8.8168E+01      9.3933E+01      1.0000E+00
      1.5184E-02      1.1796E+00      1.0748E+00      1.2742E+00      1.1847E-02      7.7939E+01      1.1150E+02      1.0000E+00
      2.6355E-02      1.5750E+00      1.3068E+00      2.1554E+00      1.4580E-02      6.2227E+01      1.2581E+02      1.0000E+00
      5.2424E-02      1.1512E+00      1.1224E+00      1.4818E+00      4.0086E-02      7.4641E+01      1.1010E+02      1.0000E+00
      6.8507E-02      1.0756E+00      1.0072E+00      1.1248E+00      6.4221E-02      8.4819E+01      9.4741E+01      1.0000E+00
      7.1115E-02      1.1351E+00      1.0362E+00      1.2017E+00      6.4221E-02      7.6333E+01      1.0300E+02      1.0000E+00
      5.1451E-02      1.2026E+00      1.2028E+00      1.8298E+00      3.4848E-02      7.5608E+01      1.0735E+02      1.0000E+00
      3.2064E-02      1.5325E+00      1.2163E+00      1.8443E+00      2.0971E-02      6.0096E+01      1.1436E+02      1.0000E+00
      2.5750E-02      1.1430E+00      1.1349E+00      1.2439E+00      2.2807E-02      6.5941E+01      1.1555E+02      1.0000E+00
      2.0825E-02      1.2605E+00      1.3312E+00      1.9409E+00      1.1974E-02      7.3994E+01      1.2107E+02      1.0000E+00
      3.9118E-02      1.2592E+00      1.1404E+00      1.7710E+00      2.7174E-02      7.2558E+01      1.0535E+02      1.0000E+00
      2.1280E-02      1.5793E+00      1.2852E+00      2.0337E+00      1.3278E-02      5.8407E+01      1.2474E+02      1.0000E+00
      1.3451E-02      1.1437E+00      1.0746E+00      1.2581E+00      1.0451E-02      7.9410E+01      1.1140E+02      1.0000E+00
      1.6862E-02      1.0297E+00      1.0027E+00      1.0636E+00      1.6015E-02      8.8353E+01      9.4109E+01      1.0000E+00
      1.7096E-02      1.0180E+00      1.0015E+00      1.0542E+00      1.6729E-02      8.8810E+01      9.1432E+01      1.0000E+00
      1.6949E-02      1.0227E+00      1.0025E+00      1.0597E+00      1.6682E-02      8.7748E+01      9.2355E+01      1.0000E+00
      1.6646E-02      1.0312E+00      1.0026E+00      1.0607E+00      1.6417E-02      8.7645E+01      9.3098E+01      1.0000E+00
      1.5653E-02      1.0498E+00      1.0063E+00      1.0730E+00      1.5059E-02      8.4304E+01      9.5368E+01      1.0000E+00
      1.3537E-02      1.0717E+00      1.0125E+00      1.1631E+00      1.2715E-02      8.4656E+01      9.2598E+01      1.0000E+00
      1.1190E-02      1.1272E+00      1.0255E+00      1.2509E+00      1.0173E-02      8.4954E+01      9.5604E+01      1.0000E+00
      8.1657E-03      1.2065E+00      1.0970E+00      1.5066E+00      6.3719E-03      8.2305E+01      1.0878E+02      1.0000E+00
      3.4704E-03      1.7057E+00      1.3402E+00      1.9739E+00      2.1728E-03      5.8263E+01      1.2544E+02      1.0000E+00
      2.4299E-03      1.1579E+00      1.1419E+00      1.3009E+00      1.8072E-03      7.4928E+01      1.1829E+02      1.0000E+00
      3.4336E-03      1.0699E+00      1.0077E+00      1.1195E+00      3.2103E-03      8.4635E+01      9.6301E+01      1.0000E+00
      3.8633E-03      1.0517E+00      1.0036E+00      1.0871E+00      3.7617E-03      8.8138E+01      9.1319E+01      1.0000E+00
      4.0500E-03      1.0269E+00      1.0013E+00      1.0492E+00      4.0289E-03      8.9001E+01      9.0957E+01      1.0000E+00
      3.9473E-03      1.0124E+00      1.0002E+00      1.0215E+00      3.9223E-03      8.9566E+01      9.0299E+01      1.0000E+00
      3.9668E-03      1.0106E+00      1.0002E+00      1.0192E+00      3.9563E-03      8.9424E+01      9.0543E+01      1.0000E+00
      4.0398E-03      1.0223E+00      1.0009E+00      1.0396E+00      4.0192E-03      8.8852E+01      9.1134E+01      1.0000E+00
      4.2064E-03      1.0489E+00      1.0043E+00      1.0871E+00      4.1615E-03      8.7557E+01      9.2401E+01      1.0000E+00
      4.5565E-03      1.0946E+00      1.0151E+00      1.1760E+00      4.4865E-03      8.5645E+01      9.4119E+01      1.0000E+00
      5.4489E-03      1.2053E+00      1.0598E+00      1.3923E+00      5.2403E-03      8.0994E+01      9.7818E+01      1.0000E+00
      4.4026E-03      1.3709E+00      1.3415E+00      2.2037E+00      3.1348E-03      8.0286E+01      1.0753E+02      1.0000E+00
      2.3895E-03      1.8400E+00      1.4499E+00      2.0161E+00      1.5496E-03      5.3116E+01      1.2859E+02      1.0000E+00
      1.6215E-03      1.1230E+00      1.1177E+00      1.3457E+00      1.2749E-03      7.4173E+01      1.1307E+02      1.0000E+00
      1.6214E-03      1.1230E+00      1.1177E+00      1.3457E+00      1.2749E-03      7.4172E+01      1.1307E+02      1.0000E+00
      2.3895E-03      1.8400E+00      1.4499E+00      2.0161E+00      1.5496E-03      5.3116E+01      1.2859E+02      1.0000E+00
      4.4025E-03      1.3709E+00      1.3415E+00      2.2036E+00      3.1347E-03      8.0285E+01      1.0753E+02      1.0000E+00
      5.4489E-03      1.2053E+00      1.0598E+00      1.3923E+00      5.2403E-03      8.0995E+01      9.7817E+01      1.0000E+00
      4.5565E-03      1.0946E+00      1.0151E+00      1.1760E+00      4.4865E-03      8.5646E+01      9.4118E+01      1.0000E+00
      4.2064E-03      1.0489E+00      1.0043E+00      1.0871E+00      4.1615E-03      8.7558E+01      9.2400E+01      1.0000E+00
      4.0399E-03      1.0223E+00      1.0009E+00      1.0395E+00      4.0194E-03      8.8854E+01      9.1134E+01      1.0000E+00
      3.9675E-03      1.0103E+00      1.0002E+00      1.0184E+00      3.9584E-03      8.9449E+01      9.0545E+01      1.0000E+00
      3.9536E-03      1.0101E+00      1.0001E+00      1.0164E+00      3.9360E-03      8.9758E+01      9.0283E+01      1.0000E+00
      4.0549E-03      1.0162E+00      1.0006E+00      1.0347E+00      4.0333E-03      8.9609E+01      9.0571E+01      1.0000E+00
      3.9234E-03      1.0332E+00      1.0018E+00      1.0533E+00      3.7922E-03      8.7042E+01      9.2099E+01      1.0000E+00
      3.4828E-03      1.0432E+00      1.0163E+00      1.1442E+00      3.2060E-03      8.3530E+01      9.7862E+01      1.0000E+00
      2.4970E-03      1.2476E+00      1.2082E+00      1.3217E+00      1.7479E-03      6.9176E+01      1.2414E+02      1.0000E+00
      3.5452E-03      1.7680E+00      1.3816E+00      2.1462E+00      1.7594E-03      5.4920E+01      1.2329E+02      1.0000E+00
      1.1736E-02      1.2614E+00      1.2104E+00      1.6126E+00      6.7817E-03      7.4189E+01      1.2308E+02      1.0000E+00
      1.2248E-02      1.3548E+00      1.7251E+00      1.8638E+00      6.7835E-03      5.5618E+01      1.3727E+02      1.0000E+00
      1.2208E-02      1.1713E+00      1.1384E+00      1.5237E+00      1.0151E-02      7.5869E+01      1.0680E+02      1.0000E+00
      1.4067E-02      1.0788E+00      1.0168E+00      1.1914E+00      1.3586E-02      8.6703E+01      9.3643E+01      1.0000E+00
      1.5375E-02      1.0387E+00      1.0040E+00      1.0901E+00      1.5062E-02      8.8251E+01      9.1226E+01      1.0000E+00
      1.5986E-02      1.0244E+00      1.0021E+00      1.0480E+00      1.5310E-02      8.8698E+01      9.3687E+01      1.0000E+00
      1.3115E-02      1.1445E+00      1.0745E+00      1.2590E+00      1.0241E-02      7.8982E+01      1.1136E+02      1.0000E+00
      2.0907E-02      1.5812E+00      1.2794E+00      2.0345E+00      1.2979E-02      5.8826E+01      1.2460E+02      1.0000E+00
      3.8905E-02      1.2674E+00      1.1414E+00      1.7807E+00      2.7041E-02      7.2254E+01      1.0512E+02      1.0000E+00
      1.6004E-02      1.7232E+00      1.3614E+00      2.0715E+00      1.0083E-02      5.4096E+01      1.2757E+02      1.0000E+00
      1.0345E-02      1.1240E+00      1.1020E+00      1.2472E+00      8.0650E-03      7.6548E+01      1.1441E+02      1.0000E+00
      1.3910E-02      1.0318E+00      1.0041E+00      1.0801E+00      1.3356E-02      8.5848E+01      9.3988E+01      1.0000E+00
      1.5190E-02      1.0304E+00      1.0016E+00      1.0441E+00      1.4835E-02      8.7469E+01      9.2322E+01      1.0000E+00
      1.6021E-02      1.0338E+00      1.0020E+00      1.0614E+00      1.5647E-02      8.7271E+01      9.1768E+01      1.0000E+00
      1.6508E-02      1.0645E+00      1.0085E+00      1.1358E+00      1.5242E-02      8.4107E+01      9.2878E+01      1.0000E+00
      1.2966E-02      1.2200E+00      1.0833E+00      1.3813E+00      1.0498E-02      6.8343E+01      1.0757E+02      1.0000E+00
      7.6624E-03      1.1429E+00      1.0653E+00      1.3228E+00      6.5004E-03      7.2434E+01      1.0575E+02      1.0000E+00
      4.5058E-03      1.1250E+00      1.0714E+00      1.3516E+00      3.7974E-03      7.4250E+01      1.0463E+02      1.0000E+00
      2.3707E-03      1.2302E+00      1.1033E+00      1.5188E+00      1.5837E-03      7.5370E+01      1.1381E+02      1.0000E+00
      2.6105E-03      1.3478E+00      1.1779E+00      1.7263E+00      1.8245E-03      6.6212E+01      1.1721E+02      1.0000E+00
      3.5895E-03      1.1826E+00      1.0582E+00      1.3579E+00      2.7338E-03      7.1074E+01      9.8589E+01      1.0000E+00
      2.1923E-03      1.1587E+00      1.0964E+00      1.3424E+00      1.5728E-03      8.0640E+01      1.1383E+02      1.0000E+00
      2.9134E-03      1.4142E+00      1.2159E+00      1.8532E+00      1.7830E-03      6.7571E+01      1.2146E+02      1.0000E+00
      3.9261E-03      1.2135E+00      1.2425E+00      1.3478E+00      2.4240E-03      7.5310E+01      1.2640E+02      1.0000E+00
      2.9131E-03      1.4140E+00      1.2157E+00      1.8530E+00      1.7830E-03      6.7581E+01      1.2145E+02      1.0000E+00
      2.1919E-03      1.1587E+00      1.0964E+00      1.3424E+00      1.5724E-03      8.0645E+01      1.1383E+02      1.0000E+00
      3.5888E-03      1.1824E+00      1.0581E+00      1.3576E+00      2.7334E-03      7.1087E+01      9.8594E+01      1.0000E+00
      2.6106E-03      1.3476E+00      1.1779E+00      1.7262E+00      1.8250E-03      6.6207E+01      1.1721E+02      1.0000E+00
      2.3705E-03      1.2303E+00      1.1033E+00      1.5188E+00      1.5832E-03      7.5353E+01      1.1381E+02      1.0000E+00
      4.5055E-03      1.1254E+00      1.0715E+00      1.3519E+00      3.7961E-03      7.4214E+01      1.0465E+02      1.0000E+00
      7.6632E-03      1.1435E+00      1.0655E+00      1.3231E+00      6.4995E-03      7.2385E+01      1.0579E+02      1.0000E+00
      1.2969E-02      1.2206E+00      1.0837E+00      1.3812E+00      1.0501E-02      6.8295E+01      1.0761E+02      1.0000E+00
      1.6509E-02      1.0650E+00      1.0086E+00      1.1367E+00      1.5241E-02      8.4154E+01      9.2944E+01      1.0000E+00
      1.6017E-02      1.0336E+00      1.0020E+00      1.0610E+00      1.5645E-02      8.7286E+01      9.1760E+01      1.0000E+00
      1.5188E-02      1.0304E+00      1.0016E+00      1.0439E+00      1.4836E-02      8.7472E+01      9.2333E+01      1.0000E+00
      1.3911E-02      1.0318E+00      1.0041E+00      1.0797E+00      1.3363E-02      8.5844E+01      9.4027E+01      1.0000E+00
      1.0353E-02      1.1242E+00      1.1027E+00      1.2479E+00      8.0689E-03      7.6461E+01      1.1448E+02      1.0000E+00
      1.6030E-02      1.7302E+00      1.3665E+00      2.0772E+00      1.0049E-02      5.3954E+01      1.2786E+02      1.0000E+00
      2.8570E-02      1.0526E+00      1.0078E+00      1.0892E+00      2.6447E-02      8.6342E+01      9.7146E+01      1.0000E+00
      3.2604E-02      1.0552E+00      1.0044E+00      1.0809E+00      3.0986E-02      8.6915E+01      9.4255E+01      1.0000E+00
