  
 ------------------------
 2D Mesh Quality Measures
 ------------------------
  
Signed Area     Aspect Ratio    Condition       Edge Ratio      Jacobian        Minimum Angle   Maximum Angle   Area Sign       
      1.2290E+00      1.0693E+00      1.0156E+00      1.1542E+00      1.1107E+00      8.3468E+01      9.9225E+01      1.0000E+00
      1.2547E+00      1.1290E+00      1.0639E+00      1.2635E+00      1.1159E+00      7.1539E+01      1.0505E+02      1.0000E+00
      3.9616E-01      1.2025E+00      1.0808E+00      1.4346E+00      2.6625E-01      7.3869E+01      1.1204E+02      1.0000E+00
      5.1030E-01      1.0319E+00      1.0073E+00      1.0932E+00      4.8049E-01      8.5653E+01      9.5912E+01      1.0000E+00
      3.3696E-01      1.2570E+00      1.1145E+00      1.4849E+00      2.1622E-01      7.4115E+01      1.1614E+02      1.0000E+00
      7.2191E-01      1.1353E+00      1.0315E+00      1.2850E+00      6.2844E-01      7.8104E+01      1.0130E+02      1.0000E+00
      8.3534E-01      1.2097E+00      1.0900E+00      1.4785E+00      6.3663E-01      6.8744E+01      1.0491E+02      1.0000E+00
      1.0401E+00      1.0797E+00      1.0142E+00      1.1449E+00      9.4526E-01      8.3184E+01      9.9317E+01      1.0000E+00
      6.6370E-01      1.2783E+00      1.1110E+00      1.5360E+00      4.5643E-01      6.4487E+01      1.0076E+02      1.0000E+00
      7.4382E-01      1.2363E+00      1.0560E+00      1.4496E+00      5.3232E-01      7.3275E+01      1.0669E+02      1.0000E+00
      5.2259E-01      1.0881E+00      1.0262E+00      1.1641E+00      4.4717E-01      8.4872E+01      1.0296E+02      1.0000E+00
      4.0744E-01      1.0979E+00      1.0246E+00      1.1825E+00      3.4654E-01      8.5339E+01      1.0254E+02      1.0000E+00
      3.0187E-01      1.4369E+00      1.3398E+00      1.8213E+00      1.6696E-01      6.4438E+01      1.3000E+02      1.0000E+00
      3.2315E-01      1.4856E+00      1.2183E+00      1.6875E+00      2.0918E-01      6.4495E+01      1.2356E+02      1.0000E+00
      3.9032E-01      1.1586E+00      1.0364E+00      1.3086E+00      3.7105E-01      8.6053E+01      9.2254E+01      1.0000E+00
      4.2125E-01      1.1375E+00      1.0315E+00      1.2843E+00      4.1502E-01      8.9430E+01      9.1176E+01      1.0000E+00
      4.3239E-01      1.1316E+00      1.0291E+00      1.2676E+00      4.2772E-01      8.7182E+01      9.2345E+01      1.0000E+00
      4.0084E-01      1.1253E+00      1.0295E+00      1.2657E+00      3.8393E-01      8.4731E+01      9.3175E+01      1.0000E+00
      2.7000E-01      1.2795E+00      1.1056E+00      1.5386E+00      1.8485E-01      7.5854E+01      1.1315E+02      1.0000E+00
      9.4222E-01      1.1799E+00      1.0678E+00      1.3425E+00      7.6722E-01      6.9853E+01      1.0470E+02      1.0000E+00
      9.4347E-01      1.0567E+00      1.0096E+00      1.1210E+00      8.7016E-01      8.2186E+01      9.5273E+01      1.0000E+00
      7.5811E-01      1.0521E+00      1.0123E+00      1.1046E+00      6.9288E-01      8.1064E+01      9.4433E+01      1.0000E+00
      6.3982E-01      1.0545E+00      1.0140E+00      1.1102E+00      5.8592E-01      8.4059E+01      9.9354E+01      1.0000E+00
      5.4632E-01      1.0473E+00      1.0055E+00      1.1078E+00      5.0715E-01      8.6900E+01      9.5431E+01      1.0000E+00
      6.5446E-01      1.0237E+00      1.0041E+00      1.0510E+00      6.2955E-01      8.4842E+01      9.3554E+01      1.0000E+00
      6.6713E-01      1.0713E+00      1.0101E+00      1.1293E+00      6.0837E-01      8.2207E+01      9.3563E+01      1.0000E+00
      5.9536E-01      1.1149E+00      1.0254E+00      1.1728E+00      5.4143E-01      7.9225E+01      1.0187E+02      1.0000E+00
      6.1710E-01      1.0917E+00      1.0124E+00      1.1451E+00      5.6826E-01      8.2515E+01      9.5162E+01      1.0000E+00
      6.2484E-01      1.1119E+00      1.0309E+00      1.2023E+00      5.5131E-01      7.6348E+01      1.0033E+02      1.0000E+00
      5.1921E-01      1.0376E+00      1.0022E+00      1.0656E+00      4.9566E-01      8.7816E+01      9.3700E+01      1.0000E+00
      6.2054E-01      1.0727E+00      1.0071E+00      1.1260E+00      5.6882E-01      8.4356E+01      9.3999E+01      1.0000E+00
      5.9131E-01      1.1062E+00      1.0397E+00      1.2349E+00      5.1975E-01      7.5270E+01      1.0254E+02      1.0000E+00
      5.1348E-01      1.0467E+00      1.0036E+00      1.0771E+00      4.9149E-01      8.6366E+01      9.4260E+01      1.0000E+00
      5.9115E-01      1.0757E+00      1.0211E+00      1.1520E+00      5.4301E-01      7.8526E+01      1.0005E+02      1.0000E+00
      4.9614E-01      1.0742E+00      1.0091E+00      1.1395E+00      4.7597E-01      8.8087E+01      9.3552E+01      1.0000E+00
      4.9065E-01      1.0681E+00      1.0072E+00      1.1268E+00      4.8601E-01      8.9377E+01      9.0611E+01      1.0000E+00
      5.9184E-01      1.0717E+00      1.0098E+00      1.1619E+00      5.3390E-01      8.2826E+01      9.4416E+01      1.0000E+00
      5.2703E-01      1.0294E+00      1.0017E+00      1.0546E+00      5.2368E-01      8.8553E+01      9.1600E+01      1.0000E+00
      4.9716E-01      1.0590E+00      1.0069E+00      1.1250E+00      4.8635E-01      8.9021E+01      9.1464E+01      1.0000E+00
      5.0444E-01      1.0688E+00      1.0066E+00      1.1133E+00      4.8174E-01      8.7595E+01      9.3577E+01      1.0000E+00
      5.5252E-01      1.0408E+00      1.0052E+00      1.0884E+00      5.2862E-01      8.5050E+01      9.5052E+01      1.0000E+00
      6.2047E-01      1.0877E+00      1.0083E+00      1.1284E+00      5.8519E-01      8.6386E+01      9.3253E+01      1.0000E+00
      5.5862E-01      1.2009E+00      1.0376E+00      1.3614E+00      4.4755E-01      7.6803E+01      1.0038E+02      1.0000E+00
      7.2263E-01      1.1230E+00      1.0515E+00      1.2479E+00      6.4354E-01      7.2748E+01      1.0298E+02      1.0000E+00
      5.4056E-01      1.3009E+00      1.0847E+00      1.4703E+00      4.0204E-01      7.5763E+01      1.0747E+02      1.0000E+00
      2.6504E-01      1.2651E+00      1.0970E+00      1.5293E+00      1.7613E-01      7.3488E+01      1.1292E+02      1.0000E+00
      8.2536E-01      1.3326E+00      1.2098E+00      1.8221E+00      5.4634E-01      6.7698E+01      1.1736E+02      1.0000E+00
      5.1369E-01      1.1804E+00      1.0672E+00      1.2936E+00      3.9584E-01      7.9870E+01      1.1043E+02      1.0000E+00
      7.5685E-01      1.6345E+00      1.4465E+00      2.0338E+00      4.5919E-01      5.1915E+01      1.3220E+02      1.0000E+00
      6.7445E-01      1.0885E+00      1.0141E+00      1.1757E+00      6.0582E-01      8.1173E+01      9.3402E+01      1.0000E+00
      4.7160E-01      1.2894E+00      1.5064E+00      1.4174E+00      2.3990E-01      6.8829E+01      1.3839E+02      1.0000E+00
      5.7797E-01      1.1940E+00      1.1153E+00      1.3328E+00      4.4281E-01      7.6045E+01      1.1577E+02      1.0000E+00
      3.8600E-01      1.3486E+00      1.5684E+00      1.4950E+00      1.8408E-01      6.6568E+01      1.4038E+02      1.0000E+00
      5.7771E-01      1.0980E+00      1.0115E+00      1.1475E+00      5.3487E-01      8.6320E+01      9.5187E+01      1.0000E+00
      4.7953E-01      1.2591E+00      1.4227E+00      1.5349E+00      2.6576E-01      6.7826E+01      1.3395E+02      1.0000E+00
      4.5914E-01      1.1068E+00      1.0171E+00      1.2016E+00      3.8268E-01      8.0765E+01      9.9964E+01      1.0000E+00
      8.1395E-01      1.6902E+00      1.5412E+00      2.2465E+00      4.7680E-01      4.5676E+01      1.2911E+02      1.0000E+00
      8.9392E-01      1.7237E+00      1.5789E+00      2.3998E+00      5.1652E-01      4.7418E+01      1.3092E+02      1.0000E+00
      7.7109E-01      1.7816E+00      1.7526E+00      2.2613E+00      4.6492E-01      4.1540E+01      1.3649E+02      1.0000E+00
      3.8909E-01      1.1196E+00      1.0380E+00      1.2878E+00      3.3249E-01      7.7439E+01      9.6102E+01      1.0000E+00
      6.9967E-01      1.6881E+00      1.7043E+00      2.3644E+00      3.9267E-01      4.2770E+01      1.2977E+02      1.0000E+00
      4.2058E-01      1.0788E+00      1.0388E+00      1.2058E+00      3.8221E-01      7.6990E+01      1.0160E+02      1.0000E+00
      4.8553E-01      1.0519E+00      1.0186E+00      1.0739E+00      4.6919E-01      7.9250E+01      9.9271E+01      1.0000E+00
      8.3773E-01      1.7954E+00      1.7446E+00      2.7472E+00      4.4240E-01      4.6338E+01      1.3273E+02      1.0000E+00
      3.3509E-01      1.3183E+00      1.1314E+00      1.4307E+00      2.6455E-01      6.6313E+01      1.1644E+02      1.0000E+00
      8.3311E-01      1.7181E+00      1.5960E+00      1.8890E+00      5.7628E-01      4.3063E+01      1.3684E+02      1.0000E+00
      8.2140E-01      1.5168E+00      1.4677E+00      1.9437E+00      5.4486E-01      4.8898E+01      1.2791E+02      1.0000E+00
      8.6682E-01      1.6735E+00      1.5041E+00      1.7984E+00      6.1306E-01      4.4297E+01      1.3446E+02      1.0000E+00
      4.2341E-01      1.2397E+00      1.1585E+00      1.3081E+00      3.3918E-01      6.8445E+01      1.1989E+02      1.0000E+00
      4.1551E-01      1.3411E+00      1.2966E+00      1.6341E+00      2.5012E-01      6.6162E+01      1.2815E+02      1.0000E+00
      4.7786E-01      1.2242E+00      1.1628E+00      1.6939E+00      3.1504E-01      7.6374E+01      1.1370E+02      1.0000E+00
      4.8847E-01      1.2109E+00      1.1704E+00      1.6851E+00      3.2444E-01      7.7296E+01      1.1369E+02      1.0000E+00
      7.5257E-01      1.1771E+00      1.0348E+00      1.3586E+00      6.1260E-01      8.0502E+01      1.0323E+02      1.0000E+00
      4.4232E-01      1.2336E+00      1.2312E+00      1.4448E+00      2.9039E-01      7.0168E+01      1.2479E+02      1.0000E+00
      4.5334E-01      1.2580E+00      1.2204E+00      1.5883E+00      2.7907E-01      7.3156E+01      1.2316E+02      1.0000E+00
      5.8258E-01      1.1553E+00      1.0225E+00      1.3029E+00      4.9681E-01      8.0394E+01      9.7800E+01      1.0000E+00
      3.9606E-01      1.2392E+00      1.2100E+00      1.5775E+00      2.3906E-01      7.6154E+01      1.2261E+02      1.0000E+00
      3.2788E-01      1.1811E+00      1.1855E+00      1.3145E+00      2.5048E-01      6.7465E+01      1.2125E+02      1.0000E+00
      4.2086E-01      1.0864E+00      1.0286E+00      1.1377E+00      3.8199E-01      7.6617E+01      9.9743E+01      1.0000E+00
      4.3332E-01      1.1104E+00      1.0368E+00      1.2433E+00      3.7633E-01      7.8859E+01      1.0358E+02      1.0000E+00
      3.8942E-01      1.1003E+00      1.0450E+00      1.1663E+00      3.2739E-01      8.1351E+01      1.0687E+02      1.0000E+00
      3.0698E-01      1.0936E+00      1.0558E+00      1.2807E+00      2.6210E-01      7.9459E+01      1.0468E+02      1.0000E+00
      1.8645E-01      1.1803E+00      1.0885E+00      1.4072E+00      1.3846E-01      8.2323E+01      1.1170E+02      1.0000E+00
      2.4822E-01      1.5175E+00      1.2189E+00      2.0254E+00      1.6338E-01      6.1337E+01      1.1830E+02      1.0000E+00
      4.5179E-01      1.1874E+00      1.1528E+00      1.5837E+00      3.3452E-01      7.2484E+01      1.1141E+02      1.0000E+00
      4.7116E-01      1.1923E+00      1.2032E+00      1.6511E+00      3.5285E-01      6.8128E+01      1.1091E+02      1.0000E+00
      2.9202E-01      1.5264E+00      1.1770E+00      1.9081E+00      2.0079E-01      6.7752E+01      1.1226E+02      1.0000E+00
      2.2614E-01      1.3450E+00      1.2216E+00      1.4780E+00      1.6560E-01      6.6121E+01      1.2417E+02      1.0000E+00
      3.2693E-01      1.2259E+00      1.0809E+00      1.4744E+00      3.1263E-01      8.4044E+01      9.7859E+01      1.0000E+00
      3.6904E-01      1.2388E+00      1.0808E+00      1.4896E+00      3.6056E-01      8.8611E+01      9.2525E+01      1.0000E+00
      4.0595E-01      1.2686E+00      1.1007E+00      1.5531E+00      3.7736E-01      8.0932E+01      9.6090E+01      1.0000E+00
      4.0631E-01      1.2567E+00      1.0910E+00      1.4151E+00      3.7852E-01      7.4048E+01      1.0587E+02      1.0000E+00
      2.7948E-01      1.3217E+00      1.3173E+00      1.4194E+00      1.7336E-01      6.5853E+01      1.3060E+02      1.0000E+00
      2.8063E-01      1.2571E+00      1.1240E+00      1.5394E+00      1.8419E-01      7.6257E+01      1.1625E+02      1.0000E+00
      4.7977E-01      1.2597E+00      1.1185E+00      1.5798E+00      3.5201E-01      6.6801E+01      9.8425E+01      1.0000E+00
      4.5332E-01      1.2956E+00      1.1279E+00      1.6450E+00      3.1722E-01      6.7885E+01      1.0282E+02      1.0000E+00
      2.6155E-01      1.2435E+00      1.1258E+00      1.4918E+00      1.7215E-01      7.7116E+01      1.1685E+02      1.0000E+00
      2.8954E-01      1.2761E+00      1.3099E+00      1.4573E+00      1.6034E-01      7.4007E+01      1.3023E+02      1.0000E+00
      4.7527E-01      1.1452E+00      1.0476E+00      1.2194E+00      4.0730E-01      7.8458E+01      1.0723E+02      1.0000E+00
      4.8017E-01      1.1471E+00      1.0379E+00      1.2811E+00      4.2864E-01      7.6224E+01      9.8570E+01      1.0000E+00
      3.1587E-01      1.3063E+00      1.1289E+00      1.6206E+00      2.0629E-01      7.3691E+01      1.1472E+02      1.0000E+00
      3.6626E-01      1.2568E+00      1.1879E+00      1.6751E+00      2.4628E-01      7.1146E+01      1.1712E+02      1.0000E+00
      3.9301E-01      1.2349E+00      1.2742E+00      1.4384E+00      2.7376E-01      6.4506E+01      1.2622E+02      1.0000E+00
      4.4245E-01      1.3789E+00      1.1144E+00      1.7293E+00      2.8250E-01      6.9931E+01      1.1389E+02      1.0000E+00
      5.1619E-01      1.3235E+00      1.3348E+00      1.3107E+00      3.6813E-01      5.9154E+01      1.3140E+02      1.0000E+00
      5.0524E-01      1.2872E+00      1.1827E+00      1.8139E+00      3.0544E-01      7.0148E+01      1.1491E+02      1.0000E+00
      4.9324E-01      1.3032E+00      1.1861E+00      1.8235E+00      2.9855E-01      7.0402E+01      1.1533E+02      1.0000E+00
      5.0329E-01      1.3163E+00      1.3254E+00      1.3095E+00      3.5668E-01      6.0078E+01      1.3097E+02      1.0000E+00
      4.1971E-01      1.4016E+00      1.1609E+00      1.8133E+00      2.4117E-01      6.8070E+01      1.1931E+02      1.0000E+00
      3.4802E-01      1.2456E+00      1.2124E+00      1.4750E+00      2.0885E-01      7.8088E+01      1.2425E+02      1.0000E+00
      5.6740E-01      1.1452E+00      1.0382E+00      1.3136E+00      4.4509E-01      7.5698E+01      1.0052E+02      1.0000E+00
      3.5885E-01      1.5080E+00      1.3117E+00      1.9148E+00      2.4316E-01      5.4758E+01      1.2397E+02      1.0000E+00
      2.4892E-01      1.1566E+00      1.0617E+00      1.2738E+00      2.0537E-01      7.0543E+01      1.0208E+02      1.0000E+00
      1.9447E-01      1.3387E+00      1.1780E+00      1.6970E+00      1.2992E-01      5.8627E+01      1.0986E+02      1.0000E+00
      2.0811E-01      1.4148E+00      1.1869E+00      1.8517E+00      1.2878E-01      5.8462E+01      1.0976E+02      1.0000E+00
      3.9298E-01      1.2825E+00      1.0731E+00      1.5201E+00      3.1056E-01      7.3619E+01      1.0673E+02      1.0000E+00
      4.0310E-01      1.0983E+00      1.0132E+00      1.1524E+00      3.8359E-01      8.5518E+01      9.4951E+01      1.0000E+00
      4.0492E-01      1.1044E+00      1.0131E+00      1.1615E+00      3.8665E-01      8.6521E+01      9.3534E+01      1.0000E+00
      4.1579E-01      1.2950E+00      1.0786E+00      1.4978E+00      3.2693E-01      7.2932E+01      1.0545E+02      1.0000E+00
      2.5321E-01      1.3199E+00      1.2355E+00      1.7872E+00      1.7011E-01      5.9684E+01      1.1252E+02      1.0000E+00
      2.7382E-01      1.3322E+00      1.1962E+00      1.8923E+00      1.7945E-01      6.5643E+01      1.0909E+02      1.0000E+00
      4.1122E-01      1.0946E+00      1.0799E+00      1.0706E+00      4.0005E-01      6.8208E+01      1.1184E+02      1.0000E+00
      7.5031E-01      1.4021E+00      1.4261E+00      1.7447E+00      3.4570E-01      7.1102E+01      1.3522E+02      1.0000E+00
      2.3737E+00      1.5485E+00      1.2950E+00      1.9572E+00      1.2445E+00      6.6430E+01      1.2639E+02      1.0000E+00
      2.2578E+00      1.3190E+00      1.4031E+00      1.5171E+00      1.3492E+00      6.2663E+01      1.3356E+02      1.0000E+00
      2.0372E+00      1.4679E+00      1.2748E+00      2.0447E+00      1.2579E+00      6.2651E+01      1.2140E+02      1.0000E+00
      1.7980E+00      1.1203E+00      1.0393E+00      1.2631E+00      1.4591E+00      8.2726E+01      1.0517E+02      1.0000E+00
      1.2294E+00      1.1592E+00      1.0314E+00      1.2604E+00      1.0210E+00      8.2545E+01      1.0311E+02      1.0000E+00
      1.1090E+00      1.0743E+00      1.0073E+00      1.1314E+00      9.9579E-01      8.3641E+01      9.5406E+01      1.0000E+00
